Funkcja AND:
data: (0, 0), expected: 0
data: (0, 1), expected: 0
data: (1, 0), expected: 0
data: (1, 1), expected: 1
Perceptron(weights:[ 0.75005,-0.31722],bias:-0.66204,learnRate:0.09915,activFunc:hardOne,activFuncDeriv:one)
iteration;bad
1;2
2;2
3;1
4;1
5;1
6;0
Perceptron(weights:[ 0.65090, 0.17855],bias:-0.76119,learnRate:0.09915,activFunc:hardOne,activFuncDeriv:one)
Perceptron(weights:[ 0.05246,-0.72179],bias:-0.94796,learnRate:0.47839,activFunc:hardOne,activFuncDeriv:one)
iteration;bad
1;2
2;1
3;2
4;2
5;1
6;1
7;0
Perceptron(weights:[ 1.00924, 0.71338],bias:-1.42635,learnRate:0.47839,activFunc:hardOne,activFuncDeriv:one)
Perceptron(weights:[-0.66224, 0.55916],bias:-0.78853,learnRate:0.22435,activFunc:hardOne,activFuncDeriv:one)
iteration;bad
1;2
2;1
3;1
4;1
5;1
6;0
Perceptron(weights:[ 0.23514, 0.55916],bias:-0.78853,learnRate:0.22435,activFunc:hardOne,activFuncDeriv:one)
Perceptron(weights:[ 0.57185,-0.81882],bias:-0.41243,learnRate:0.22651,activFunc:hardOne,activFuncDeriv:one)
iteration;bad
1;2
2;2
3;1
4;1
5;1
6;0
Perceptron(weights:[ 0.34535, 0.31372],bias:-0.63894,learnRate:0.22651,activFunc:hardOne,activFuncDeriv:one)
Perceptron(weights:[-0.10352,-0.04769],bias:-0.34807,learnRate:0.16532,activFunc:hardOne,activFuncDeriv:one)
iteration;bad
1;1
2;1
3;2
4;1
5;1
6;1
7;2
8;0
Perceptron(weights:[ 0.22712, 0.44828],bias:-0.51339,learnRate:0.16532,activFunc:hardOne,activFuncDeriv:one)
Perceptron(weights:[ 0.81266,-0.70575],bias:-0.12115,learnRate:0.00172,activFunc:hardOne,activFuncDeriv:one)
iteration;bad
1;2
2;2
3;2
4;2
5;2
6;2
7;2
8;2
9;1
10;1
11;2
12;1
13;1
14;2
15;1
16;1
17;1
18;1
19;2
20;2
21;1
22;1
23;1
24;1
25;2
26;2
27;1
28;2
29;2
30;1
31;2
32;2
33;1
34;1
35;2
36;1
37;2
38;2
39;1
40;1
41;1
42;1
43;1
44;2
45;1
46;2
47;2
48;1
49;2
50;2
51;1
52;2
53;2
54;1
55;1
56;1
57;1
58;1
59;1
60;1
61;1
62;2
63;1
64;2
65;2
66;1
67;1
68;1
69;1
70;1
71;1
72;1
73;2
74;2
75;1
76;2
77;2
78;1
79;2
80;2
81;1
82;1
83;2
84;1
85;2
86;2
87;1
88;2
89;2
90;1
91;1
92;1
93;1
94;1
95;2
96;1
97;2
98;2
99;1
100;2
101;2
102;1
103;1
104;1
105;1
106;2
107;2
108;1
109;2
110;2
111;1
112;1
113;1
114;1
115;2
116;2
117;1
118;1
119;1
120;1
121;2
122;2
123;1
124;1
125;2
126;1
127;1
128;1
129;1
130;1
131;2
132;1
133;1
134;1
135;1
136;2
137;2
138;1
139;1
140;2
141;1
142;2
143;2
144;1
145;2
146;2
147;1
148;2
149;2
150;1
151;1
152;2
153;1
154;2
155;2
156;1
157;2
158;2
159;1
160;2
161;2
162;1
163;2
164;2
165;1
166;1
167;2
168;1
169;1
170;1
171;1
172;1
173;2
174;1
175;2
176;2
177;1
178;2
179;2
180;1
181;2
182;2
183;1
184;1
185;2
186;1
187;1
188;1
189;1
190;2
191;2
192;1
193;2
194;2
195;1
196;1
197;2
198;1
199;2
200;2
201;1
202;2
203;2
204;1
205;2
206;2
207;1
208;2
209;2
210;1
211;2
212;2
213;1
214;2
215;2
216;1
217;1
218;1
219;1
220;1
221;1
222;1
223;2
224;2
225;1
226;2
227;2
228;1
229;2
230;2
231;1
232;1
233;2
234;1
235;1
236;1
237;1
238;2
239;2
240;1
241;2
242;2
243;1
244;2
245;2
246;1
247;2
248;2
249;1
250;1
251;1
252;1
253;2
254;2
255;1
256;2
257;2
258;1
259;2
260;2
261;1
262;2
263;2
264;1
265;1
266;1
267;1
268;1
269;2
270;1
271;2
272;2
273;1
274;2
275;2
276;1
277;2
278;2
279;1
280;1
281;1
282;1
283;1
284;2
285;1
286;2
287;2
288;1
289;2
290;2
291;1
292;2
293;2
294;1
295;1
296;2
297;1
298;1
299;1
300;1
301;2
302;2
303;1
304;1
305;2
306;1
307;1
308;1
309;1
310;2
311;2
312;1
313;2
314;2
315;1
316;1
317;2
318;1
319;2
320;2
321;1
322;2
323;2
324;1
325;2
326;2
327;1
328;1
329;2
330;1
331;2
332;2
333;1
334;1
335;2
336;1
337;1
338;1
339;1
340;2
341;2
342;1
343;2
344;2
345;1
346;1
347;1
348;1
349;1
350;2
351;1
352;2
353;2
354;1
355;1
356;2
357;1
358;1
359;2
360;1
361;2
362;2
363;1
364;2
365;2
366;1
367;1
368;2
369;1
370;1
371;1
372;1
373;2
374;2
375;1
376;2
377;2
378;1
379;2
380;2
381;1
382;1
383;1
384;1
385;1
386;2
387;1
388;2
389;2
390;1
391;2
392;2
393;1
394;1
395;1
396;1
397;2
398;2
399;1
400;2
401;2
402;1
403;2
404;2
405;1
406;2
407;2
408;1
409;2
410;2
411;1
412;2
413;2
414;1
415;1
416;1
417;1
418;1
419;1
420;1
421;1
422;2
423;1
424;1
425;2
426;1
427;2
428;2
429;1
430;1
431;1
432;1
433;1
434;2
435;1
436;2
437;2
438;1
439;2
440;2
441;1
442;1
443;2
444;1
445;1
446;2
447;1
448;2
449;2
450;1
451;2
452;2
453;1
454;1
455;1
456;1
457;2
458;2
459;1
460;1
461;2
462;1
463;1
464;1
465;1
466;2
467;2
468;1
469;1
470;1
471;1
472;1
473;2
474;1
475;1
476;2
477;1
478;2
479;2
480;1
481;1
482;1
483;1
484;1
485;2
486;1
487;2
488;2
489;1
490;2
491;2
492;1
493;2
494;2
495;1
496;2
497;2
498;1
499;1
500;1
501;1
502;2
503;2
504;1
505;1
506;1
507;1
508;2
509;2
510;1
511;1
512;2
513;1
514;1
515;2
516;1
517;2
518;2
519;1
520;2
521;2
522;1
523;1
524;2
525;1
526;2
527;2
528;1
529;1
530;2
531;1
532;1
533;2
534;1
535;1
536;1
537;1
538;2
539;2
540;1
541;1
542;1
543;1
544;2
545;2
546;1
547;1
548;1
549;1
550;1
551;1
552;1
553;1
554;2
555;1
556;1
557;1
558;1
559;2
560;2
561;1
562;1
563;2
564;1
565;2
566;2
567;1
568;1
569;2
570;1
571;2
572;2
573;1
574;2
575;2
576;1
577;1
578;1
579;1
580;2
581;2
582;1
583;2
584;2
585;1
586;2
587;2
588;1
589;2
590;2
591;1
592;1
593;2
594;1
595;1
596;1
597;1
598;1
599;2
600;1
601;2
602;2
603;1
604;2
605;2
606;1
607;2
608;2
609;1
610;1
611;1
612;1
613;0
Perceptron(weights:[ 0.46681, 0.00144],bias:-0.46700,learnRate:0.00172,activFunc:hardOne,activFuncDeriv:one)
Perceptron(weights:[ 0.62887, 0.33446],bias:-0.64347,learnRate:0.03951,activFunc:hardOne,activFuncDeriv:one)
iteration;bad
1;0
Perceptron(weights:[ 0.62887, 0.33446],bias:-0.64347,learnRate:0.03951,activFunc:hardOne,activFuncDeriv:one)
Perceptron(weights:[ 0.25664,-0.93325],bias:-0.30362,learnRate:0.25804,activFunc:hardOne,activFuncDeriv:one)
iteration;bad
1;1
2;1
3;1
4;0
Perceptron(weights:[ 0.25664, 0.09892],bias:-0.30362,learnRate:0.25804,activFunc:hardOne,activFuncDeriv:one)
Perceptron(weights:[-0.79539,-0.66400],bias:-0.26595,learnRate:0.01990,activFunc:hardOne,activFuncDeriv:one)
iteration;bad
1;1
2;1
3;1
4;1
5;1
6;1
7;1
8;1
9;1
10;1
11;1
12;1
13;1
14;1
15;2
16;2
17;2
18;2
19;2
20;2
21;2
22;2
23;2
24;2
25;2
26;2
27;2
28;2
29;2
30;2
31;2
32;1
33;1
34;1
35;2
36;2
37;2
38;2
39;2
40;1
41;1
42;0
Perceptron(weights:[ 0.02050, 0.01260],bias:-0.02715,learnRate:0.01990,activFunc:hardOne,activFuncDeriv:one)
Perceptron(weights:[ 0.69720,-0.66340],bias:-0.95873,learnRate:0.08110,activFunc:hardOne,activFuncDeriv:one)
iteration;bad
1;1
2;2
3;2
4;2
5;2
6;2
7;2
8;1
9;1
10;1
11;1
12;0
Perceptron(weights:[ 0.77829, 0.14756],bias:-0.87764,learnRate:0.08110,activFunc:hardOne,activFuncDeriv:one)
Perceptron(weights:[-0.05066, 0.24537],bias:-0.92660,learnRate:0.48206,activFunc:hardOne,activFuncDeriv:one)
iteration;bad
1;1
2;2
3;0
Perceptron(weights:[ 0.43140, 0.72742],bias:-0.92660,learnRate:0.48206,activFunc:hardOne,activFuncDeriv:one)
Perceptron(weights:[ 0.43749,-0.14020],bias:-0.55363,learnRate:0.03359,activFunc:hardOne,activFuncDeriv:one)
iteration;bad
1;1
2;2
3;2
4;1
5;1
6;1
7;1
8;0
Perceptron(weights:[ 0.47108, 0.06133],bias:-0.52004,learnRate:0.03359,activFunc:hardOne,activFuncDeriv:one)
Perceptron(weights:[-0.74080,-0.55067],bias:-0.25174,learnRate:0.28512,activFunc:hardOne,activFuncDeriv:one)
iteration;bad
1;2
2;1
3;1
4;1
5;1
6;2
7;0
Perceptron(weights:[ 0.39970, 0.30470],bias:-0.53687,learnRate:0.28512,activFunc:hardOne,activFuncDeriv:one)
Perceptron(weights:[ 0.64209, 0.59565],bias:-0.02781,learnRate:0.00748,activFunc:hardOne,activFuncDeriv:one)
iteration;bad
1;2
2;2
3;2
4;2
5;2
6;2
7;2
8;2
9;2
10;2
11;2
12;2
13;2
14;2
15;2
16;2
17;2
18;2
19;2
20;2
21;2
22;2
23;2
24;2
25;2
26;1
27;1
28;1
29;0
Perceptron(weights:[ 0.42508, 0.40109],bias:-0.43938,learnRate:0.00748,activFunc:hardOne,activFuncDeriv:one)
Perceptron(weights:[ 0.19679,-0.98214],bias:-0.25078,learnRate:0.01698,activFunc:hardOne,activFuncDeriv:one)
iteration;bad
1;1
2;2
3;2
4;2
5;2
6;2
7;2
8;2
9;2
10;2
11;2
12;2
13;2
14;2
15;2
16;2
17;2
18;2
19;2
20;2
21;2
22;2
23;2
24;2
25;2
26;2
27;2
28;2
29;2
30;2
31;2
32;2
33;2
34;2
35;2
36;2
37;2
38;2
39;2
40;2
41;2
42;2
43;2
44;2
45;2
46;2
47;2
48;2
49;2
50;2
51;2
52;2
53;2
54;2
55;2
56;2
57;2
58;1
59;1
60;1
61;1
62;0
Perceptron(weights:[ 0.21377, 0.03666],bias:-0.23380,learnRate:0.01698,activFunc:hardOne,activFuncDeriv:one)
Perceptron(weights:[-0.08797, 0.93440],bias:-0.75306,learnRate:0.14836,activFunc:hardOne,activFuncDeriv:one)
iteration;bad
1;1
2;1
3;1
4;0
Perceptron(weights:[ 0.20874, 0.78604],bias:-0.90142,learnRate:0.14836,activFunc:hardOne,activFuncDeriv:one)
Perceptron(weights:[-0.42940,-0.89042],bias:-0.04454,learnRate:0.02687,activFunc:hardOne,activFuncDeriv:one)
iteration;bad
1;1
2;2
3;2
4;2
5;2
6;2
7;2
8;2
9;2
10;2
11;2
12;2
13;2
14;2
15;2
16;1
17;3
18;1
19;3
20;2
21;2
22;2
23;2
24;2
25;2
26;2
27;1
28;2
29;2
30;2
31;2
32;1
33;1
34;1
35;2
36;1
37;1
38;1
39;0
Perceptron(weights:[ 0.02747, 0.05020],bias:-0.07142,learnRate:0.02687,activFunc:hardOne,activFuncDeriv:one)
Perceptron(weights:[-0.08754,-0.14549],bias:-0.24943,learnRate:0.08945,activFunc:hardOne,activFuncDeriv:one)
iteration;bad
1;1
2;1
3;1
4;0
Perceptron(weights:[ 0.09136, 0.12285],bias:-0.15998,learnRate:0.08945,activFunc:hardOne,activFuncDeriv:one)
Perceptron(weights:[-0.67776, 0.34444],bias:-0.25267,learnRate:0.36231,activFunc:hardOne,activFuncDeriv:one)
iteration;bad
1;1
2;1
3;2
4;1
5;1
6;0
Perceptron(weights:[ 0.77146, 0.34444],bias:-0.97728,learnRate:0.36231,activFunc:hardOne,activFuncDeriv:one)
Perceptron(weights:[ 0.75272,-0.20347],bias:-0.83783,learnRate:0.50356,activFunc:hardOne,activFuncDeriv:one)
iteration;bad
1;1
2;0
Perceptron(weights:[ 0.75272, 0.30009],bias:-0.83783,learnRate:0.50356,activFunc:hardOne,activFuncDeriv:one)
Perceptron(weights:[ 0.10378,-0.32523],bias:-0.06141,learnRate:0.06447,activFunc:hardOne,activFuncDeriv:one)
iteration;bad
1;2
2;2
3;2
4;1
5;1
6;1
7;1
8;1
9;1
10;0
Perceptron(weights:[ 0.10378, 0.12606],bias:-0.19036,learnRate:0.06447,activFunc:hardOne,activFuncDeriv:one)
Perceptron(weights:[ 0.78489, 0.46497],bias:-0.62527,learnRate:0.03693,activFunc:hardOne,activFuncDeriv:one)
iteration;bad
1;1
2;1
3;0
Perceptron(weights:[ 0.67412, 0.46497],bias:-0.73605,learnRate:0.03693,activFunc:hardOne,activFuncDeriv:one)
Perceptron(weights:[-0.88280, 0.44771],bias:-0.96834,learnRate:0.10904,activFunc:hardOne,activFuncDeriv:one)
iteration;bad
1;1
2;1
3;2
4;2
5;2
6;2
7;1
8;1
9;1
10;0
Perceptron(weights:[ 0.09860, 0.66580],bias:-0.75025,learnRate:0.10904,activFunc:hardOne,activFuncDeriv:one)
Perceptron(weights:[ 0.15808,-0.53522],bias:-0.28940,learnRate:0.04371,activFunc:hardOne,activFuncDeriv:one)
iteration;bad
1;1
2;1
3;2
4;2
5;2
6;2
7;2
8;2
9;2
10;2
11;2
12;1
13;1
14;1
15;0
Perceptron(weights:[ 0.20179, 0.07667],bias:-0.24570,learnRate:0.04371,activFunc:hardOne,activFuncDeriv:one)
Perceptron(weights:[ 0.44153,-0.56338],bias:-0.52663,learnRate:0.00997,activFunc:hardOne,activFuncDeriv:one)
iteration;bad
1;1
2;1
3;1
4;1
5;1
6;2
7;2
8;2
9;2
10;2
11;2
12;2
13;2
14;2
15;2
16;2
17;2
18;2
19;2
20;2
21;2
22;2
23;2
24;2
25;2
26;2
27;2
28;2
29;2
30;2
31;2
32;2
33;2
34;2
35;2
36;2
37;2
38;2
39;2
40;2
41;2
42;2
43;2
44;2
45;2
46;2
47;2
48;2
49;2
50;2
51;2
52;2
53;2
54;2
55;2
56;1
57;1
58;1
59;1
60;0
Perceptron(weights:[ 0.48141, 0.01485],bias:-0.48675,learnRate:0.00997,activFunc:hardOne,activFuncDeriv:one)
Perceptron(weights:[-0.89959,-0.19555],bias:-0.76758,learnRate:0.07067,activFunc:hardOne,activFuncDeriv:one)
iteration;bad
1;1
2;1
3;1
4;1
5;1
6;1
7;1
8;2
9;2
10;2
11;2
12;2
13;1
14;1
15;1
16;1
17;0
Perceptron(weights:[ 0.16046, 0.22847],bias:-0.34356,learnRate:0.07067,activFunc:hardOne,activFuncDeriv:one)
Perceptron(weights:[-0.86152,-0.35683],bias:-0.14503,learnRate:0.06751,activFunc:hardOne,activFuncDeriv:one)
iteration;bad
1;1
2;1
3;1
4;1
5;1
6;1
7;1
8;1
9;2
10;2
11;2
12;2
13;1
14;1
15;1
16;2
17;1
18;1
19;2
20;0
Perceptron(weights:[ 0.15118, 0.11576],bias:-0.21254,learnRate:0.06751,activFunc:hardOne,activFuncDeriv:one)
Perceptron(weights:[ 0.24118, 0.40690],bias:-0.35537,learnRate:0.08251,activFunc:hardOne,activFuncDeriv:one)
iteration;bad
1;0
Perceptron(weights:[ 0.24118, 0.32439],bias:-0.43788,learnRate:0.08251,activFunc:hardOne,activFuncDeriv:one)
Perceptron(weights:[ 0.75756,-0.97121],bias:-0.90829,learnRate:0.05771,activFunc:hardOne,activFuncDeriv:one)
iteration;bad
1;1
2;2
3;2
4;2
5;2
6;2
7;2
8;2
9;2
10;2
11;2
12;2
13;2
14;2
15;2
16;1
17;1
18;1
19;0
Perceptron(weights:[ 0.81527, 0.06753],bias:-0.85058,learnRate:0.05771,activFunc:hardOne,activFuncDeriv:one)
Perceptron(weights:[-0.72805, 0.74445],bias:-0.93764,learnRate:0.21559,activFunc:hardOne,activFuncDeriv:one)
iteration;bad
1;2
2;2
3;1
4;1
5;1
6;0
Perceptron(weights:[ 0.34989, 0.74445],bias:-0.93764,learnRate:0.21559,activFunc:hardOne,activFuncDeriv:one)
Perceptron(weights:[-0.32084,-0.23024],bias:-0.91107,learnRate:0.16992,activFunc:hardOne,activFuncDeriv:one)
iteration;bad
1;1
2;1
3;0
Perceptron(weights:[ 0.18892, 0.27952],bias:-0.40131,learnRate:0.16992,activFunc:hardOne,activFuncDeriv:one)
Perceptron(weights:[-0.57252,-0.64597],bias:-0.76643,learnRate:0.37313,activFunc:hardOne,activFuncDeriv:one)
iteration;bad
1;1
2;1
3;2
4;1
5;1
6;1
7;0
Perceptron(weights:[ 0.54685, 0.47340],bias:-0.76643,learnRate:0.37313,activFunc:hardOne,activFuncDeriv:one)
Perceptron(weights:[ 0.68633, 0.06679],bias:-0.12389,learnRate:0.50165,activFunc:hardOne,activFuncDeriv:one)
iteration;bad
1;1
2;1
3;1
4;1
5;0
Perceptron(weights:[ 0.18468, 1.07009],bias:-1.12718,learnRate:0.50165,activFunc:hardOne,activFuncDeriv:one)
Perceptron(weights:[-0.88830,-0.09311],bias:-0.31290,learnRate:0.00168,activFunc:hardOne,activFuncDeriv:one)
iteration;bad
1;1
2;1
3;1
4;1
5;1
6;1
7;1
8;1
9;1
10;1
11;1
12;1
13;1
14;1
15;1
16;1
17;1
18;1
19;1
20;1
21;1
22;1
23;1
24;1
25;1
26;1
27;1
28;1
29;1
30;1
31;1
32;1
33;1
34;1
35;1
36;1
37;1
38;1
39;1
40;1
41;1
42;1
43;1
44;1
45;1
46;1
47;1
48;1
49;1
50;1
51;1
52;1
53;1
54;1
55;1
56;1
57;1
58;1
59;1
60;1
61;1
62;1
63;1
64;1
65;1
66;1
67;1
68;1
69;1
70;1
71;1
72;1
73;1
74;1
75;1
76;1
77;1
78;1
79;1
80;1
81;1
82;1
83;1
84;1
85;1
86;1
87;1
88;1
89;1
90;1
91;1
92;1
93;1
94;1
95;1
96;1
97;1
98;1
99;1
100;1
101;1
102;1
103;1
104;1
105;1
106;1
107;1
108;1
109;1
110;1
111;1
112;1
113;1
114;1
115;1
116;1
117;1
118;1
119;1
120;1
121;1
122;2
123;2
124;2
125;2
126;2
127;2
128;2
129;2
130;2
131;2
132;2
133;2
134;2
135;2
136;2
137;2
138;2
139;2
140;2
141;2
142;2
143;2
144;2
145;2
146;2
147;2
148;2
149;2
150;2
151;2
152;2
153;2
154;2
155;2
156;2
157;2
158;2
159;2
160;2
161;2
162;2
163;2
164;2
165;2
166;2
167;2
168;2
169;2
170;2
171;2
172;2
173;2
174;2
175;2
176;2
177;2
178;2
179;2
180;2
181;2
182;2
183;2
184;2
185;2
186;2
187;2
188;2
189;2
190;2
191;2
192;2
193;2
194;2
195;2
196;2
197;2
198;2
199;2
200;2
201;2
202;2
203;2
204;2
205;2
206;2
207;2
208;2
209;2
210;2
211;2
212;2
213;2
214;2
215;2
216;2
217;2
218;2
219;2
220;2
221;2
222;2
223;2
224;2
225;2
226;2
227;2
228;2
229;2
230;2
231;2
232;2
233;2
234;2
235;2
236;2
237;2
238;2
239;2
240;2
241;2
242;2
243;2
244;2
245;2
246;2
247;2
248;2
249;2
250;2
251;2
252;2
253;2
254;2
255;2
256;2
257;2
258;2
259;2
260;2
261;2
262;2
263;2
264;2
265;2
266;2
267;2
268;2
269;2
270;2
271;2
272;2
273;2
274;2
275;2
276;2
277;2
278;2
279;2
280;2
281;2
282;2
283;2
284;2
285;2
286;2
287;2
288;2
289;2
290;2
291;2
292;2
293;2
294;2
295;2
296;2
297;2
298;2
299;2
300;2
301;2
302;2
303;2
304;2
305;2
306;2
307;2
308;2
309;2
310;2
311;2
312;2
313;2
314;2
315;2
316;2
317;2
318;2
319;2
320;2
321;2
322;2
323;2
324;2
325;2
326;2
327;2
328;2
329;2
330;2
331;2
332;2
333;2
334;2
335;2
336;2
337;2
338;2
339;2
340;2
341;2
342;2
343;2
344;2
345;2
346;2
347;2
348;2
349;2
350;2
351;2
352;2
353;2
354;2
355;2
356;2
357;2
358;2
359;2
360;2
361;2
362;2
363;2
364;2
365;2
366;2
367;2
368;2
369;2
370;2
371;2
372;2
373;2
374;2
375;2
376;2
377;2
378;2
379;2
380;2
381;2
382;2
383;2
384;2
385;2
386;2
387;2
388;2
389;2
390;2
391;2
392;2
393;2
394;2
395;2
396;2
397;2
398;2
399;2
400;2
401;2
402;2
403;2
404;2
405;2
406;2
407;2
408;2
409;2
410;2
411;2
412;2
413;2
414;2
415;2
416;2
417;2
418;2
419;2
420;2
421;2
422;2
423;2
424;2
425;2
426;2
427;2
428;2
429;2
430;2
431;2
432;2
433;2
434;2
435;2
436;2
437;2
438;2
439;2
440;2
441;2
442;2
443;2
444;2
445;2
446;2
447;2
448;2
449;2
450;2
451;2
452;2
453;2
454;2
455;2
456;2
457;2
458;2
459;2
460;2
461;2
462;2
463;2
464;2
465;2
466;2
467;2
468;2
469;2
470;2
471;2
472;2
473;2
474;2
475;2
476;2
477;2
478;2
479;2
480;2
481;2
482;2
483;2
484;2
485;2
486;2
487;2
488;2
489;2
490;2
491;2
492;2
493;2
494;2
495;2
496;2
497;2
498;2
499;2
500;2
501;2
502;2
503;2
504;2
505;2
506;2
507;2
508;2
509;2
510;2
511;2
512;2
513;2
514;2
515;2
516;2
517;2
518;2
519;2
520;2
521;2
522;2
523;2
524;2
525;2
526;2
527;2
528;1
529;1
530;1
531;0
Perceptron(weights:[ 0.00088, 0.10989],bias:-0.10990,learnRate:0.00168,activFunc:hardOne,activFuncDeriv:one)
Perceptron(weights:[-0.47230,-0.17823],bias:-0.98627,learnRate:0.01539,activFunc:hardOne,activFuncDeriv:one)
iteration;bad
1;1
2;1
3;1
4;1
5;1
6;1
7;1
8;1
9;1
10;1
11;1
12;1
13;1
14;1
15;1
16;1
17;1
18;1
19;1
20;1
21;1
22;1
23;1
24;1
25;1
26;1
27;1
28;1
29;1
30;1
31;1
32;1
33;1
34;1
35;1
36;0
Perceptron(weights:[ 0.08170, 0.37576],bias:-0.43227,learnRate:0.01539,activFunc:hardOne,activFuncDeriv:one)
Perceptron(weights:[-0.76263, 0.30371],bias:-0.68628,learnRate:0.12118,activFunc:hardOne,activFuncDeriv:one)
iteration;bad
1;1
2;1
3;2
4;2
5;2
6;1
7;1
8;1
9;0
Perceptron(weights:[ 0.20681, 0.42489],bias:-0.56510,learnRate:0.12118,activFunc:hardOne,activFuncDeriv:one)
Perceptron(weights:[-0.65445,-0.44034],bias:-0.17308,learnRate:0.00776,activFunc:hardOne,activFuncDeriv:one)
iteration;bad
1;1
2;1
3;1
4;1
5;1
6;1
7;1
8;1
9;1
10;1
11;1
12;1
13;1
14;1
15;1
16;1
17;1
18;1
19;1
20;1
21;1
22;1
23;2
24;2
25;2
26;2
27;2
28;2
29;2
30;2
31;2
32;2
33;2
34;2
35;2
36;2
37;2
38;2
39;2
40;2
41;2
42;2
43;2
44;2
45;2
46;2
47;2
48;2
49;2
50;2
51;2
52;2
53;2
54;2
55;2
56;2
57;3
58;3
59;3
60;2
61;2
62;2
63;2
64;2
65;1
66;1
67;2
68;2
69;2
70;2
71;2
72;2
73;2
74;2
75;2
76;2
77;2
78;2
79;2
80;2
81;2
82;2
83;2
84;1
85;1
86;1
87;2
88;0
Perceptron(weights:[ 0.00508, 0.01746],bias:-0.01789,learnRate:0.00776,activFunc:hardOne,activFuncDeriv:one)
Perceptron(weights:[-0.10099, 0.71020],bias:-0.28021,learnRate:0.06345,activFunc:hardOne,activFuncDeriv:one)
iteration;bad
1;1
2;1
3;1
4;1
5;1
6;1
7;0
Perceptron(weights:[ 0.08936, 0.45640],bias:-0.53401,learnRate:0.06345,activFunc:hardOne,activFuncDeriv:one)
Perceptron(weights:[-0.38301,-0.75063],bias:-0.86975,learnRate:0.06446,activFunc:hardOne,activFuncDeriv:one)
iteration;bad
1;1
2;1
3;1
4;1
5;1
6;1
7;1
8;1
9;1
10;1
11;2
12;1
13;1
14;1
15;1
16;0
Perceptron(weights:[ 0.19716, 0.15186],bias:-0.28957,learnRate:0.06446,activFunc:hardOne,activFuncDeriv:one)
Perceptron(weights:[-0.05633,-0.86134],bias:-0.26243,learnRate:0.01745,activFunc:hardOne,activFuncDeriv:one)
iteration;bad
1;1
2;1
3;1
4;1
5;1
6;1
7;1
8;1
9;1
10;2
11;2
12;2
13;2
14;2
15;2
16;2
17;2
18;2
19;2
20;2
21;2
22;2
23;2
24;2
25;2
26;2
27;2
28;2
29;2
30;2
31;2
32;2
33;2
34;2
35;2
36;2
37;2
38;2
39;2
40;2
41;2
42;2
43;2
44;2
45;2
46;2
47;2
48;1
49;1
50;1
51;1
52;0
Perceptron(weights:[ 0.10074, 0.01124],bias:-0.10537,learnRate:0.01745,activFunc:hardOne,activFuncDeriv:one)
Perceptron(weights:[ 0.17037,-0.28417],bias:-0.38080,learnRate:0.07250,activFunc:hardOne,activFuncDeriv:one)
iteration;bad
1;1
2;2
3;1
4;1
5;1
6;1
7;0
Perceptron(weights:[ 0.24287, 0.07833],bias:-0.30830,learnRate:0.07250,activFunc:hardOne,activFuncDeriv:one)
Perceptron(weights:[ 0.13562,-0.47397],bias:-0.97319,learnRate:0.43152,activFunc:hardOne,activFuncDeriv:one)
iteration;bad
1;1
2;1
3;1
4;2
5;1
6;1
7;2
8;0
Perceptron(weights:[ 0.56714, 1.25210],bias:-1.40471,learnRate:0.43152,activFunc:hardOne,activFuncDeriv:one)
Perceptron(weights:[-0.69364, 0.06067],bias:-0.47896,learnRate:0.01883,activFunc:hardOne,activFuncDeriv:one)
iteration;bad
1;1
2;1
3;1
4;1
5;1
6;1
7;1
8;1
9;1
10;1
11;1
12;1
13;1
14;2
15;2
16;2
17;2
18;2
19;2
20;2
21;2
22;2
23;2
24;2
25;2
26;2
27;2
28;2
29;2
30;2
31;2
32;2
33;2
34;2
35;2
36;1
37;1
38;1
39;0
Perceptron(weights:[ 0.02191, 0.26781],bias:-0.27182,learnRate:0.01883,activFunc:hardOne,activFuncDeriv:one)
Perceptron(weights:[-0.49056, 0.06865],bias:-0.70073,learnRate:0.00942,activFunc:hardOne,activFuncDeriv:one)
iteration;bad
1;1
2;1
3;1
4;1
5;1
6;1
7;1
8;1
9;1
10;1
11;1
12;1
13;1
14;1
15;1
16;1
17;1
18;1
19;1
20;1
21;1
22;1
23;1
24;1
25;1
26;1
27;1
28;1
29;1
30;1
31;1
32;1
33;1
34;2
35;2
36;2
37;2
38;2
39;2
40;2
41;2
42;2
43;2
44;2
45;2
46;2
47;2
48;2
49;2
50;2
51;2
52;1
53;1
54;1
55;1
56;0
Perceptron(weights:[ 0.01816, 0.37953],bias:-0.38985,learnRate:0.00942,activFunc:hardOne,activFuncDeriv:one)
Perceptron(weights:[ 0.85993, 0.43951],bias:-0.34346,learnRate:0.01614,activFunc:hardOne,activFuncDeriv:one)
iteration;bad
1;2
2;1
3;1
4;1
5;1
6;1
7;1
8;1
9;1
10;1
11;1
12;1
13;1
14;1
15;0
Perceptron(weights:[ 0.61777, 0.40723],bias:-0.61791,learnRate:0.01614,activFunc:hardOne,activFuncDeriv:one)
Perceptron(weights:[ 0.90331, 0.92289],bias:-0.80029,learnRate:0.13763,activFunc:hardOne,activFuncDeriv:one)
iteration;bad
1;0
Perceptron(weights:[ 0.90331, 0.78526],bias:-0.93792,learnRate:0.13763,activFunc:hardOne,activFuncDeriv:one)
Perceptron(weights:[ 0.15809, 0.82014],bias:-0.10314,learnRate:0.50224,activFunc:hardOne,activFuncDeriv:one)
iteration;bad
1;2
2;1
3;1
4;2
5;1
6;1
7;0
Perceptron(weights:[ 1.16258, 0.82014],bias:-1.60987,learnRate:0.50224,activFunc:hardOne,activFuncDeriv:one)
Perceptron(weights:[ 0.88991,-0.31526],bias:-0.88668,learnRate:0.00034,activFunc:hardOne,activFuncDeriv:one)
iteration;bad
1;2
2;2
3;2
4;2
5;2
6;2
7;2
8;2
9;2
10;2
11;2
12;2
13;2
14;2
15;2
16;2
17;2
18;2
19;2
20;2
21;2
22;2
23;2
24;2
25;2
26;2
27;2
28;2
29;2
30;2
31;2
32;2
33;2
34;2
35;2
36;2
37;2
38;2
39;2
40;2
41;2
42;2
43;2
44;2
45;2
46;2
47;2
48;2
49;2
50;2
51;2
52;2
53;2
54;2
55;2
56;2
57;2
58;2
59;2
60;2
61;2
62;2
63;2
64;2
65;2
66;2
67;2
68;2
69;2
70;2
71;2
72;2
73;2
74;2
75;2
76;2
77;2
78;2
79;2
80;2
81;2
82;2
83;2
84;2
85;2
86;2
87;2
88;2
89;2
90;2
91;2
92;2
93;2
94;2
95;2
96;2
97;2
98;2
99;2
100;2
101;2
102;2
103;2
104;2
105;2
106;2
107;2
108;2
109;2
110;2
111;2
112;2
113;2
114;2
115;2
116;2
117;2
118;2
119;2
120;2
121;2
122;2
123;2
124;2
125;2
126;2
127;2
128;2
129;2
130;2
131;2
132;2
133;2
134;2
135;2
136;2
137;2
138;2
139;2
140;2
141;2
142;2
143;2
144;2
145;2
146;2
147;2
148;2
149;2
150;2
151;2
152;2
153;2
154;2
155;2
156;2
157;2
158;2
159;2
160;2
161;2
162;2
163;2
164;2
165;2
166;2
167;2
168;2
169;2
170;2
171;2
172;2
173;2
174;2
175;2
176;2
177;2
178;2
179;2
180;2
181;2
182;2
183;2
184;2
185;2
186;2
187;2
188;2
189;2
190;2
191;2
192;2
193;2
194;2
195;2
196;2
197;2
198;2
199;2
200;2
201;2
202;2
203;2
204;2
205;2
206;2
207;2
208;2
209;2
210;2
211;2
212;2
213;2
214;2
215;2
216;2
217;2
218;2
219;2
220;2
221;2
222;2
223;2
224;2
225;2
226;2
227;2
228;2
229;2
230;2
231;2
232;2
233;2
234;2
235;2
236;2
237;2
238;2
239;2
240;2
241;2
242;2
243;2
244;2
245;2
246;2
247;2
248;2
249;2
250;2
251;2
252;2
253;2
254;2
255;2
256;2
257;2
258;2
259;2
260;2
261;2
262;2
263;2
264;2
265;2
266;2
267;2
268;2
269;2
270;2
271;2
272;2
273;2
274;2
275;2
276;2
277;2
278;2
279;2
280;2
281;2
282;2
283;2
284;2
285;2
286;2
287;2
288;2
289;2
290;2
291;2
292;2
293;2
294;2
295;2
296;2
297;2
298;2
299;2
300;2
301;2
302;2
303;2
304;2
305;2
306;2
307;2
308;2
309;2
310;2
311;2
312;2
313;2
314;2
315;2
316;2
317;2
318;2
319;2
320;2
321;2
322;2
323;2
324;2
325;2
326;2
327;2
328;2
329;2
330;2
331;2
332;2
333;2
334;2
335;2
336;2
337;2
338;2
339;2
340;2
341;2
342;2
343;2
344;2
345;2
346;2
347;2
348;2
349;2
350;2
351;2
352;2
353;2
354;2
355;2
356;2
357;2
358;2
359;2
360;2
361;2
362;2
363;2
364;2
365;2
366;2
367;2
368;2
369;2
370;2
371;2
372;2
373;2
374;2
375;2
376;2
377;2
378;2
379;2
380;2
381;2
382;2
383;2
384;2
385;2
386;2
387;2
388;2
389;2
390;2
391;2
392;2
393;2
394;2
395;2
396;2
397;2
398;2
399;2
400;2
401;2
402;2
403;2
404;2
405;2
406;2
407;2
408;2
409;2
410;2
411;2
412;2
413;2
414;2
415;2
416;2
417;2
418;2
419;2
420;2
421;2
422;2
423;2
424;2
425;2
426;2
427;2
428;2
429;2
430;2
431;2
432;2
433;2
434;2
435;2
436;2
437;2
438;2
439;2
440;2
441;2
442;2
443;2
444;2
445;2
446;2
447;2
448;2
449;2
450;2
451;2
452;2
453;2
454;2
455;2
456;2
457;2
458;2
459;2
460;2
461;2
462;2
463;2
464;2
465;2
466;2
467;2
468;2
469;2
470;2
471;2
472;2
473;2
474;2
475;2
476;2
477;2
478;2
479;2
480;2
481;2
482;2
483;2
484;2
485;2
486;2
487;2
488;2
489;2
490;2
491;2
492;2
493;2
494;2
495;2
496;2
497;2
498;2
499;2
500;2
501;2
502;2
503;2
504;2
505;2
506;2
507;2
508;2
509;2
510;2
511;2
512;2
513;2
514;2
515;2
516;2
517;2
518;2
519;2
520;2
521;2
522;2
523;2
524;2
525;2
526;2
527;2
528;2
529;2
530;2
531;2
532;2
533;2
534;2
535;2
536;2
537;2
538;2
539;2
540;2
541;2
542;2
543;2
544;2
545;2
546;2
547;2
548;2
549;2
550;2
551;2
552;2
553;2
554;2
555;2
556;2
557;2
558;2
559;2
560;2
561;2
562;2
563;2
564;2
565;2
566;2
567;2
568;2
569;2
570;2
571;2
572;2
573;2
574;2
575;2
576;2
577;2
578;2
579;2
580;2
581;2
582;2
583;2
584;2
585;2
586;2
587;2
588;2
589;2
590;2
591;2
592;2
593;2
594;2
595;2
596;2
597;2
598;2
599;2
600;2
601;2
602;2
603;2
604;2
605;2
606;2
607;2
608;2
609;2
610;2
611;2
612;2
613;2
614;2
615;2
616;2
617;2
618;2
619;2
620;2
621;2
622;2
623;2
624;2
625;2
626;2
627;2
628;2
629;2
630;2
631;2
632;2
633;2
634;2
635;2
636;2
637;2
638;2
639;2
640;2
641;2
642;2
643;2
644;2
645;2
646;2
647;2
648;2
649;2
650;2
651;2
652;2
653;2
654;2
655;2
656;2
657;2
658;2
659;2
660;2
661;2
662;2
663;2
664;2
665;2
666;2
667;2
668;2
669;2
670;2
671;2
672;2
673;2
674;2
675;2
676;2
677;2
678;2
679;2
680;2
681;2
682;2
683;2
684;2
685;2
686;2
687;2
688;2
689;2
690;2
691;2
692;2
693;2
694;2
695;2
696;2
697;2
698;2
699;2
700;2
701;2
702;2
703;2
704;2
705;2
706;2
707;2
708;2
709;2
710;2
711;2
712;2
713;2
714;2
715;2
716;2
717;2
718;2
719;2
720;2
721;2
722;2
723;2
724;2
725;2
726;2
727;2
728;2
729;2
730;2
731;2
732;2
733;2
734;2
735;2
736;2
737;2
738;2
739;2
740;2
741;2
742;2
743;2
744;2
745;2
746;2
747;2
748;2
749;2
750;2
751;2
752;2
753;2
754;2
755;2
756;2
757;2
758;2
759;2
760;2
761;2
762;2
763;2
764;2
765;2
766;2
767;2
768;2
769;2
770;2
771;2
772;2
773;2
774;2
775;2
776;2
777;2
778;2
779;2
780;2
781;2
782;2
783;2
784;2
785;2
786;2
787;2
788;2
789;2
790;2
791;2
792;2
793;2
794;2
795;2
796;2
797;2
798;2
799;2
800;2
801;2
802;2
803;2
804;2
805;2
806;2
807;2
808;2
809;2
810;2
811;2
812;2
813;2
814;2
815;2
816;2
817;2
818;2
819;2
820;2
821;2
822;2
823;2
824;2
825;2
826;2
827;2
828;2
829;2
830;2
831;2
832;2
833;2
834;2
835;2
836;2
837;2
838;2
839;2
840;2
841;2
842;2
843;2
844;2
845;2
846;2
847;2
848;2
849;2
850;2
851;2
852;2
853;2
854;2
855;2
856;2
857;2
858;2
859;2
860;2
861;2
862;2
863;2
864;2
865;2
866;2
867;2
868;2
869;2
870;2
871;2
872;2
873;2
874;2
875;2
876;2
877;2
878;2
879;2
880;2
881;2
882;2
883;2
884;2
885;2
886;2
887;2
888;2
889;2
890;2
891;2
892;2
893;2
894;2
895;2
896;2
897;2
898;2
899;2
900;2
901;2
902;2
903;2
904;2
905;2
906;2
907;2
908;2
909;2
910;2
911;2
912;2
913;2
914;2
915;2
916;2
917;2
918;2
919;2
920;2
921;2
922;2
923;2
924;2
925;2
926;1
927;2
928;2
929;1
930;2
931;2
932;1
933;2
934;2
935;1
936;2
937;2
938;1
939;1
940;1
941;1
942;0
Perceptron(weights:[ 0.88822, 0.00030],bias:-0.88837,learnRate:0.00034,activFunc:hardOne,activFuncDeriv:one)
Perceptron(weights:[ 0.17586, 0.76726],bias:-0.54487,learnRate:0.07088,activFunc:hardOne,activFuncDeriv:one)
iteration;bad
1;1
2;0
Perceptron(weights:[ 0.17586, 0.62551],bias:-0.68662,learnRate:0.07088,activFunc:hardOne,activFuncDeriv:one)
Perceptron(weights:[-0.23852,-0.53479],bias:-0.26945,learnRate:0.30666,activFunc:hardOne,activFuncDeriv:one)
iteration;bad
1;3
2;3
3;1
4;1
5;0
Perceptron(weights:[ 0.37480, 0.38519],bias:-0.57611,learnRate:0.30666,activFunc:hardOne,activFuncDeriv:one)
Perceptron(weights:[ 0.24095,-0.53085],bias:-0.83845,learnRate:0.02343,activFunc:hardOne,activFuncDeriv:one)
iteration;bad
1;1
2;1
3;1
4;1
5;1
6;1
7;1
8;1
9;1
10;1
11;1
12;1
13;2
14;2
15;2
16;2
17;2
18;2
19;2
20;2
21;2
22;2
23;1
24;1
25;1
26;1
27;1
28;0
Perceptron(weights:[ 0.52208, 0.05484],bias:-0.55732,learnRate:0.02343,activFunc:hardOne,activFuncDeriv:one)
Perceptron(weights:[-0.65722,-0.33531],bias:-0.95508,learnRate:0.68326,activFunc:hardOne,activFuncDeriv:one)
iteration;bad
1;1
2;1
3;1
4;1
5;1
6;1
7;0
Perceptron(weights:[ 1.39256, 0.34795],bias:-1.63834,learnRate:0.68326,activFunc:hardOne,activFuncDeriv:one)
Perceptron(weights:[ 0.42374, 0.12550],bias:-0.72140,learnRate:0.00216,activFunc:hardOne,activFuncDeriv:one)
iteration;bad
1;1
2;1
3;1
4;1
5;1
6;1
7;1
8;1
9;1
10;1
11;1
12;1
13;1
14;1
15;1
16;1
17;1
18;1
19;1
20;1
21;1
22;1
23;1
24;1
25;1
26;1
27;0
Perceptron(weights:[ 0.48202, 0.18378],bias:-0.66312,learnRate:0.00216,activFunc:hardOne,activFuncDeriv:one)
Perceptron(weights:[ 0.92327,-0.08956],bias:-0.60367,learnRate:0.04268,activFunc:hardOne,activFuncDeriv:one)
iteration;bad
1;1
2;1
3;2
4;1
5;1
6;1
7;1
8;0
Perceptron(weights:[ 0.75255, 0.03848],bias:-0.77439,learnRate:0.04268,activFunc:hardOne,activFuncDeriv:one)
Perceptron(weights:[-0.81739, 0.50522],bias:-0.48550,learnRate:0.06230,activFunc:hardOne,activFuncDeriv:one)
iteration;bad
1;2
2;2
3;2
4;2
5;2
6;2
7;2
8;2
9;2
10;2
11;2
12;2
13;1
14;1
15;1
16;0
Perceptron(weights:[ 0.11715, 0.44292],bias:-0.54780,learnRate:0.06230,activFunc:hardOne,activFuncDeriv:one)
Perceptron(weights:[-0.48286, 0.96453],bias:-0.91614,learnRate:0.10443,activFunc:hardOne,activFuncDeriv:one)
iteration;bad
1;2
2;2
3;2
4;2
5;1
6;1
7;1
8;1
9;0
Perceptron(weights:[ 0.24818, 0.86010],bias:-1.02058,learnRate:0.10443,activFunc:hardOne,activFuncDeriv:one)
Perceptron(weights:[-0.56503,-0.40477],bias:-0.83691,learnRate:0.00066,activFunc:hardOne,activFuncDeriv:one)
iteration;bad
1;1
2;1
3;1
4;1
5;1
6;1
7;1
8;1
9;1
10;1
11;1
12;1
13;1
14;1
15;1
16;1
17;1
18;1
19;1
20;1
21;1
22;1
23;1
24;1
25;1
26;1
27;1
28;1
29;1
30;1
31;1
32;1
33;1
34;1
35;1
36;1
37;1
38;1
39;1
40;1
41;1
42;1
43;1
44;1
45;1
46;1
47;1
48;1
49;1
50;1
51;1
52;1
53;1
54;1
55;1
56;1
57;1
58;1
59;1
60;1
61;1
62;1
63;1
64;1
65;1
66;1
67;1
68;1
69;1
70;1
71;1
72;1
73;1
74;1
75;1
76;1
77;1
78;1
79;1
80;1
81;1
82;1
83;1
84;1
85;1
86;1
87;1
88;1
89;1
90;1
91;1
92;1
93;1
94;1
95;1
96;1
97;1
98;1
99;1
100;1
101;1
102;1
103;1
104;1
105;1
106;1
107;1
108;1
109;1
110;1
111;1
112;1
113;1
114;1
115;1
116;1
117;1
118;1
119;1
120;1
121;1
122;1
123;1
124;1
125;1
126;1
127;1
128;1
129;1
130;1
131;1
132;1
133;1
134;1
135;1
136;1
137;1
138;1
139;1
140;1
141;1
142;1
143;1
144;1
145;1
146;1
147;1
148;1
149;1
150;1
151;1
152;1
153;1
154;1
155;1
156;1
157;1
158;1
159;1
160;1
161;1
162;1
163;1
164;1
165;1
166;1
167;1
168;1
169;1
170;1
171;1
172;1
173;1
174;1
175;1
176;1
177;1
178;1
179;1
180;1
181;1
182;1
183;1
184;1
185;1
186;1
187;1
188;1
189;1
190;1
191;1
192;1
193;1
194;1
195;1
196;1
197;1
198;1
199;1
200;1
201;1
202;1
203;1
204;1
205;1
206;1
207;1
208;1
209;1
210;1
211;1
212;1
213;1
214;1
215;1
216;1
217;1
218;1
219;1
220;1
221;1
222;1
223;1
224;1
225;1
226;1
227;1
228;1
229;1
230;1
231;1
232;1
233;1
234;1
235;1
236;1
237;1
238;1
239;1
240;1
241;1
242;1
243;1
244;1
245;1
246;1
247;1
248;1
249;1
250;1
251;1
252;1
253;1
254;1
255;1
256;1
257;1
258;1
259;1
260;1
261;1
262;1
263;1
264;1
265;1
266;1
267;1
268;1
269;1
270;1
271;1
272;1
273;1
274;1
275;1
276;1
277;1
278;1
279;1
280;1
281;1
282;1
283;1
284;1
285;1
286;1
287;1
288;1
289;1
290;1
291;1
292;1
293;1
294;1
295;1
296;1
297;1
298;1
299;1
300;1
301;1
302;1
303;1
304;1
305;1
306;1
307;1
308;1
309;1
310;1
311;1
312;1
313;1
314;1
315;1
316;1
317;1
318;1
319;1
320;1
321;1
322;1
323;1
324;1
325;1
326;1
327;1
328;1
329;1
330;1
331;1
332;1
333;1
334;1
335;1
336;1
337;1
338;1
339;1
340;1
341;1
342;1
343;1
344;1
345;1
346;1
347;1
348;1
349;1
350;1
351;1
352;1
353;1
354;1
355;1
356;1
357;1
358;1
359;1
360;1
361;1
362;1
363;1
364;1
365;1
366;1
367;1
368;1
369;1
370;1
371;1
372;1
373;1
374;1
375;1
376;1
377;1
378;1
379;1
380;1
381;1
382;1
383;1
384;1
385;1
386;1
387;1
388;1
389;1
390;1
391;1
392;1
393;1
394;1
395;1
396;1
397;1
398;1
399;1
400;1
401;1
402;1
403;1
404;1
405;1
406;1
407;1
408;1
409;1
410;1
411;1
412;1
413;1
414;1
415;1
416;1
417;1
418;1
419;1
420;1
421;1
422;1
423;1
424;1
425;1
426;1
427;1
428;1
429;1
430;1
431;1
432;1
433;1
434;1
435;1
436;1
437;1
438;1
439;1
440;1
441;1
442;1
443;1
444;1
445;1
446;1
447;1
448;1
449;1
450;1
451;1
452;1
453;1
454;1
455;1
456;1
457;1
458;1
459;1
460;1
461;1
462;1
463;1
464;1
465;1
466;1
467;1
468;1
469;1
470;1
471;1
472;1
473;1
474;1
475;1
476;1
477;1
478;1
479;1
480;1
481;1
482;1
483;1
484;1
485;1
486;1
487;1
488;1
489;1
490;1
491;1
492;1
493;1
494;1
495;1
496;1
497;1
498;1
499;1
500;1
501;1
502;1
503;1
504;1
505;1
506;1
507;1
508;1
509;1
510;1
511;1
512;1
513;1
514;1
515;1
516;1
517;1
518;1
519;1
520;1
521;1
522;1
523;1
524;1
525;1
526;1
527;1
528;1
529;1
530;1
531;1
532;1
533;1
534;1
535;1
536;1
537;1
538;1
539;1
540;1
541;1
542;1
543;1
544;1
545;1
546;1
547;1
548;1
549;1
550;1
551;1
552;1
553;1
554;1
555;1
556;1
557;1
558;1
559;1
560;1
561;1
562;1
563;1
564;1
565;1
566;1
567;1
568;1
569;1
570;1
571;1
572;1
573;1
574;1
575;1
576;1
577;1
578;1
579;1
580;1
581;1
582;1
583;1
584;1
585;1
586;1
587;1
588;1
589;1
590;1
591;1
592;1
593;1
594;1
595;1
596;1
597;1
598;1
599;1
600;1
601;1
602;1
603;1
604;1
605;1
606;1
607;1
608;1
609;1
610;1
611;1
612;1
613;1
614;1
615;1
616;1
617;1
618;1
619;1
620;1
621;1
622;1
623;1
624;1
625;1
626;1
627;1
628;1
629;1
630;1
631;1
632;1
633;1
634;1
635;1
636;1
637;1
638;1
639;1
640;1
641;1
642;1
643;1
644;1
645;1
646;1
647;1
648;1
649;1
650;1
651;1
652;1
653;1
654;1
655;1
656;1
657;1
658;1
659;1
660;1
661;1
662;1
663;1
664;1
665;1
666;1
667;1
668;1
669;1
670;1
671;1
672;1
673;1
674;1
675;1
676;1
677;1
678;1
679;1
680;1
681;1
682;1
683;1
684;1
685;1
686;1
687;1
688;1
689;1
690;1
691;1
692;1
693;1
694;1
695;1
696;1
697;1
698;1
699;1
700;1
701;1
702;1
703;1
704;1
705;1
706;1
707;1
708;1
709;1
710;1
711;1
712;1
713;1
714;1
715;1
716;1
717;1
718;1
719;1
720;1
721;1
722;1
723;1
724;1
725;1
726;1
727;1
728;1
729;1
730;1
731;1
732;1
733;1
734;1
735;1
736;1
737;1
738;1
739;1
740;1
741;1
742;1
743;1
744;1
745;1
746;1
747;1
748;1
749;1
750;1
751;1
752;1
753;1
754;1
755;1
756;1
757;1
758;1
759;1
760;1
761;1
762;1
763;1
764;1
765;1
766;1
767;1
768;1
769;1
770;1
771;1
772;1
773;1
774;1
775;1
776;1
777;1
778;1
779;1
780;1
781;1
782;1
783;1
784;1
785;1
786;1
787;1
788;1
789;1
790;1
791;1
792;1
793;1
794;1
795;1
796;1
797;1
798;1
799;1
800;1
801;1
802;1
803;1
804;1
805;1
806;1
807;1
808;1
809;1
810;1
811;1
812;1
813;1
814;1
815;1
816;1
817;1
818;1
819;1
820;1
821;1
822;1
823;1
824;1
825;1
826;1
827;1
828;1
829;1
830;1
831;1
832;1
833;1
834;1
835;1
836;1
837;1
838;1
839;1
840;1
841;1
842;1
843;1
844;1
845;1
846;1
847;1
848;1
849;1
850;1
851;1
852;1
853;1
854;1
855;1
856;1
857;1
858;1
859;1
860;1
861;1
862;1
863;1
864;1
865;1
866;1
867;1
868;1
869;1
870;1
871;1
872;1
873;1
874;1
875;1
876;1
877;1
878;1
879;1
880;1
881;1
882;1
883;1
884;1
885;1
886;1
887;1
888;1
889;1
890;1
891;1
892;1
893;1
894;1
895;1
896;1
897;1
898;1
899;1
900;1
901;1
902;1
903;1
904;1
905;1
906;0
Perceptron(weights:[ 0.03743, 0.19770],bias:-0.23445,learnRate:0.00066,activFunc:hardOne,activFuncDeriv:one)
Perceptron(weights:[ 0.58280, 0.74225],bias:-0.41469,learnRate:0.08141,activFunc:hardOne,activFuncDeriv:one)
iteration;bad
1;1
2;0
Perceptron(weights:[ 0.50139, 0.57942],bias:-0.65893,learnRate:0.08141,activFunc:hardOne,activFuncDeriv:one)
Perceptron(weights:[-0.80690, 0.38804],bias:-0.56507,learnRate:0.69237,activFunc:hardOne,activFuncDeriv:one)
iteration;bad
1;1
2;1
3;2
4;2
5;1
6;1
7;2
8;0
Perceptron(weights:[ 0.57785, 1.77278],bias:-1.94982,learnRate:0.69237,activFunc:hardOne,activFuncDeriv:one)
Perceptron(weights:[ 0.58099,-0.49382],bias:-0.10070,learnRate:0.20105,activFunc:hardOne,activFuncDeriv:one)
iteration;bad
1;1
2;1
3;2
4;1
5;1
6;0
Perceptron(weights:[ 0.37994, 0.31038],bias:-0.50280,learnRate:0.20105,activFunc:hardOne,activFuncDeriv:one)
Perceptron(weights:[ 0.92745, 0.63277],bias:-0.49890,learnRate:0.07462,activFunc:hardOne,activFuncDeriv:one)
iteration;bad
1;1
2;1
3;0
Perceptron(weights:[ 0.70359, 0.55815],bias:-0.79737,learnRate:0.07462,activFunc:hardOne,activFuncDeriv:one)
Perceptron(weights:[ 0.82902, 0.84240],bias:-0.10601,learnRate:0.01816,activFunc:hardOne,activFuncDeriv:one)
iteration;bad
1;2
2;2
3;2
4;2
5;2
6;2
7;2
8;2
9;2
10;2
11;2
12;2
13;2
14;0
Perceptron(weights:[ 0.59292, 0.58814],bias:-0.59637,learnRate:0.01816,activFunc:hardOne,activFuncDeriv:one)
Perceptron(weights:[ 0.90145, 0.33593],bias:-0.48790,learnRate:0.20577,activFunc:hardOne,activFuncDeriv:one)
iteration;bad
1;1
2;1
3;0
Perceptron(weights:[ 0.48991, 0.54170],bias:-0.89943,learnRate:0.20577,activFunc:hardOne,activFuncDeriv:one)
Perceptron(weights:[ 0.06892, 0.51072],bias:-0.66471,learnRate:0.01802,activFunc:hardOne,activFuncDeriv:one)
iteration;bad
1;1
2;0
Perceptron(weights:[ 0.10496, 0.54676],bias:-0.62867,learnRate:0.01802,activFunc:hardOne,activFuncDeriv:one)
Perceptron(weights:[ 0.78860, 0.86855],bias:-0.74859,learnRate:0.02591,activFunc:hardOne,activFuncDeriv:one)
iteration;bad
1;1
2;0
Perceptron(weights:[ 0.76269, 0.81672],bias:-0.82633,learnRate:0.02591,activFunc:hardOne,activFuncDeriv:one)
Perceptron(weights:[-0.31409,-0.43271],bias:-0.50933,learnRate:0.01565,activFunc:hardOne,activFuncDeriv:one)
iteration;bad
1;1
2;1
3;1
4;1
5;1
6;1
7;1
8;1
9;1
10;1
11;1
12;1
13;1
14;1
15;1
16;1
17;1
18;1
19;1
20;1
21;1
22;1
23;1
24;1
25;1
26;1
27;1
28;1
29;1
30;0
Perceptron(weights:[ 0.09271, 0.02103],bias:-0.10253,learnRate:0.01565,activFunc:hardOne,activFuncDeriv:one)
Perceptron(weights:[ 0.74023, 0.77846],bias:-0.74893,learnRate:0.19840,activFunc:hardOne,activFuncDeriv:one)
iteration;bad
1;0
Perceptron(weights:[ 0.74023, 0.58006],bias:-0.94733,learnRate:0.19840,activFunc:hardOne,activFuncDeriv:one)
Perceptron(weights:[-0.93588,-0.37194],bias:-0.54131,learnRate:0.01625,activFunc:hardOne,activFuncDeriv:one)
iteration;bad
1;1
2;1
3;1
4;1
5;1
6;1
7;1
8;1
9;1
10;1
11;1
12;1
13;1
14;1
15;1
16;1
17;1
18;1
19;1
20;1
21;1
22;1
23;1
24;1
25;1
26;1
27;1
28;1
29;1
30;1
31;1
32;2
33;2
34;2
35;2
36;2
37;2
38;2
39;2
40;2
41;2
42;2
43;2
44;2
45;2
46;2
47;2
48;2
49;2
50;2
51;2
52;2
53;2
54;2
55;2
56;1
57;1
58;1
59;0
Perceptron(weights:[ 0.00675, 0.08313],bias:-0.08625,learnRate:0.01625,activFunc:hardOne,activFuncDeriv:one)
Perceptron(weights:[ 0.55849, 0.07367],bias:-0.80419,learnRate:0.02046,activFunc:hardOne,activFuncDeriv:one)
iteration;bad
1;1
2;1
3;0
Perceptron(weights:[ 0.61988, 0.13506],bias:-0.74280,learnRate:0.02046,activFunc:hardOne,activFuncDeriv:one)
Perceptron(weights:[ 0.09656, 0.05162],bias:-0.39721,learnRate:0.00032,activFunc:hardOne,activFuncDeriv:one)
iteration;bad
1;1
2;1
3;1
4;1
5;1
6;1
7;1
8;1
9;1
10;1
11;1
12;1
13;1
14;1
15;1
16;1
17;1
18;1
19;1
20;1
21;1
22;1
23;1
24;1
25;1
26;1
27;1
28;1
29;1
30;1
31;1
32;1
33;1
34;1
35;1
36;1
37;1
38;1
39;1
40;1
41;1
42;1
43;1
44;1
45;1
46;1
47;1
48;1
49;1
50;1
51;1
52;1
53;1
54;1
55;1
56;1
57;1
58;1
59;1
60;1
61;1
62;1
63;1
64;1
65;1
66;1
67;1
68;1
69;1
70;1
71;1
72;1
73;1
74;1
75;1
76;1
77;1
78;1
79;1
80;1
81;1
82;1
83;1
84;1
85;1
86;1
87;1
88;1
89;1
90;1
91;1
92;1
93;1
94;1
95;1
96;1
97;1
98;1
99;1
100;1
101;1
102;1
103;1
104;1
105;1
106;1
107;1
108;1
109;1
110;1
111;1
112;1
113;1
114;1
115;1
116;1
117;1
118;1
119;1
120;1
121;1
122;1
123;1
124;1
125;1
126;1
127;1
128;1
129;1
130;1
131;1
132;1
133;1
134;1
135;1
136;1
137;1
138;1
139;1
140;1
141;1
142;1
143;1
144;1
145;1
146;1
147;1
148;1
149;1
150;1
151;1
152;1
153;1
154;1
155;1
156;1
157;1
158;1
159;1
160;1
161;1
162;1
163;1
164;1
165;1
166;1
167;1
168;1
169;1
170;1
171;1
172;1
173;1
174;1
175;1
176;1
177;1
178;1
179;1
180;1
181;1
182;1
183;1
184;1
185;1
186;1
187;1
188;1
189;1
190;1
191;1
192;1
193;1
194;1
195;1
196;1
197;1
198;1
199;1
200;1
201;1
202;1
203;1
204;1
205;1
206;1
207;1
208;1
209;1
210;1
211;1
212;1
213;1
214;1
215;1
216;1
217;1
218;1
219;1
220;1
221;1
222;1
223;1
224;1
225;1
226;1
227;1
228;1
229;1
230;1
231;1
232;1
233;1
234;1
235;1
236;1
237;1
238;1
239;1
240;1
241;1
242;1
243;1
244;1
245;1
246;1
247;1
248;1
249;1
250;1
251;1
252;1
253;1
254;1
255;1
256;1
257;1
258;1
259;1
260;1
261;0
Perceptron(weights:[ 0.17971, 0.13477],bias:-0.31406,learnRate:0.00032,activFunc:hardOne,activFuncDeriv:one)
Perceptron(weights:[-0.91275, 0.62095],bias:-0.18025,learnRate:0.03590,activFunc:hardOne,activFuncDeriv:one)
iteration;bad
1;2
2;2
3;2
4;2
5;2
6;2
7;2
8;2
9;2
10;2
11;2
12;2
13;2
14;1
15;1
16;2
17;1
18;1
19;1
20;1
21;1
22;2
23;1
24;2
25;2
26;1
27;1
28;1
29;1
30;1
31;1
32;1
33;1
34;1
35;0
Perceptron(weights:[ 0.09248, 0.36964],bias:-0.43156,learnRate:0.03590,activFunc:hardOne,activFuncDeriv:one)
Perceptron(weights:[-0.28210,-0.15548],bias:-0.10575,learnRate:0.00065,activFunc:hardOne,activFuncDeriv:one)
iteration;bad
1;1
2;1
3;1
4;1
5;1
6;1
7;1
8;1
9;1
10;1
11;1
12;1
13;1
14;1
15;1
16;1
17;1
18;1
19;1
20;1
21;1
22;1
23;1
24;1
25;1
26;1
27;1
28;1
29;1
30;1
31;1
32;1
33;1
34;1
35;1
36;1
37;1
38;1
39;1
40;1
41;1
42;1
43;1
44;1
45;1
46;1
47;1
48;1
49;1
50;1
51;1
52;1
53;1
54;1
55;1
56;1
57;1
58;1
59;1
60;1
61;1
62;1
63;1
64;1
65;1
66;1
67;1
68;1
69;1
70;1
71;1
72;1
73;1
74;1
75;1
76;1
77;1
78;1
79;1
80;1
81;1
82;1
83;1
84;1
85;1
86;1
87;1
88;1
89;1
90;1
91;1
92;1
93;1
94;1
95;1
96;1
97;1
98;1
99;1
100;1
101;1
102;1
103;1
104;1
105;1
106;1
107;1
108;1
109;1
110;1
111;1
112;1
113;1
114;1
115;1
116;1
117;1
118;1
119;1
120;1
121;1
122;1
123;1
124;1
125;1
126;1
127;1
128;1
129;1
130;1
131;1
132;1
133;1
134;1
135;1
136;1
137;1
138;1
139;1
140;1
141;1
142;1
143;1
144;1
145;1
146;1
147;1
148;1
149;1
150;1
151;1
152;1
153;1
154;1
155;1
156;1
157;1
158;1
159;1
160;1
161;1
162;1
163;1
164;1
165;2
166;2
167;2
168;2
169;2
170;2
171;2
172;2
173;2
174;2
175;2
176;2
177;2
178;2
179;2
180;2
181;2
182;2
183;2
184;2
185;2
186;2
187;2
188;2
189;2
190;2
191;2
192;2
193;2
194;2
195;2
196;2
197;2
198;2
199;2
200;2
201;2
202;2
203;2
204;2
205;2
206;2
207;2
208;2
209;2
210;2
211;2
212;2
213;2
214;2
215;2
216;2
217;2
218;2
219;2
220;2
221;2
222;2
223;2
224;2
225;2
226;2
227;2
228;2
229;2
230;2
231;2
232;2
233;2
234;2
235;2
236;2
237;2
238;2
239;2
240;3
241;3
242;2
243;1
244;1
245;1
246;2
247;2
248;2
249;2
250;2
251;2
252;2
253;2
254;2
255;2
256;2
257;2
258;2
259;2
260;2
261;2
262;2
263;2
264;2
265;2
266;2
267;2
268;2
269;2
270;2
271;2
272;2
273;2
274;2
275;2
276;2
277;2
278;2
279;2
280;2
281;2
282;2
283;2
284;2
285;2
286;2
287;2
288;2
289;2
290;2
291;2
292;2
293;2
294;2
295;2
296;2
297;2
298;2
299;2
300;2
301;2
302;2
303;2
304;2
305;2
306;2
307;2
308;2
309;2
310;2
311;2
312;2
313;2
314;2
315;2
316;2
317;2
318;2
319;2
320;2
321;2
322;2
323;2
324;2
325;2
326;2
327;2
328;2
329;2
330;2
331;2
332;2
333;2
334;2
335;2
336;2
337;2
338;2
339;2
340;2
341;2
342;2
343;2
344;2
345;2
346;2
347;2
348;2
349;2
350;2
351;2
352;2
353;2
354;2
355;2
356;2
357;2
358;2
359;2
360;2
361;2
362;2
363;2
364;2
365;2
366;2
367;2
368;2
369;2
370;2
371;2
372;2
373;2
374;2
375;2
376;2
377;2
378;2
379;2
380;2
381;2
382;2
383;2
384;2
385;2
386;2
387;2
388;2
389;2
390;2
391;2
392;2
393;2
394;2
395;2
396;2
397;2
398;2
399;2
400;2
401;2
402;2
403;2
404;2
405;2
406;2
407;2
408;2
409;2
410;2
411;2
412;2
413;2
414;2
415;2
416;2
417;2
418;2
419;2
420;2
421;2
422;2
423;2
424;2
425;2
426;2
427;2
428;2
429;2
430;2
431;2
432;2
433;2
434;2
435;2
436;1
437;1
438;1
439;0
Perceptron(weights:[ 0.00072, 0.00113],bias:-0.00156,learnRate:0.00065,activFunc:hardOne,activFuncDeriv:one)
Perceptron(weights:[-0.46831,-0.41768],bias:-0.28599,learnRate:0.09675,activFunc:hardOne,activFuncDeriv:one)
iteration;bad
1;1
2;1
3;2
4;2
5;1
6;1
7;1
8;1
9;1
10;1
11;2
12;0
Perceptron(weights:[ 0.11219, 0.25957],bias:-0.28599,learnRate:0.09675,activFunc:hardOne,activFuncDeriv:one)
Perceptron(weights:[ 0.62043, 0.17407],bias:-0.77692,learnRate:0.29188,activFunc:hardOne,activFuncDeriv:one)
iteration;bad
1;0
Perceptron(weights:[ 0.62043, 0.17407],bias:-0.77692,learnRate:0.29188,activFunc:hardOne,activFuncDeriv:one)
Perceptron(weights:[ 0.85044, 0.09981],bias:-0.97921,learnRate:0.49790,activFunc:hardOne,activFuncDeriv:one)
iteration;bad
1;1
2;1
3;1
4;1
5;0
Perceptron(weights:[ 0.85044, 1.09560],bias:-1.47711,learnRate:0.49790,activFunc:hardOne,activFuncDeriv:one)
Perceptron(weights:[ 0.99499, 0.36077],bias:-0.22948,learnRate:0.27487,activFunc:hardOne,activFuncDeriv:one)
iteration;bad
1;0
Perceptron(weights:[ 0.72012, 0.08591],bias:-0.77921,learnRate:0.27487,activFunc:hardOne,activFuncDeriv:one)
Perceptron(weights:[ 0.02562,-0.87086],bias:-0.65300,learnRate:0.18947,activFunc:hardOne,activFuncDeriv:one)
iteration;bad
1;1
2;2
3;2
4;1
5;1
6;1
7;1
8;0
Perceptron(weights:[ 0.21510, 0.26599],bias:-0.46353,learnRate:0.18947,activFunc:hardOne,activFuncDeriv:one)
Perceptron(weights:[-0.61799, 0.91130],bias:-0.49943,learnRate:0.09102,activFunc:hardOne,activFuncDeriv:one)
iteration;bad
1;2
2;2
3;1
4;1
5;2
6;1
7;1
8;1
9;1
10;1
11;1
12;1
13;0
Perceptron(weights:[ 0.20117, 0.63824],bias:-0.77248,learnRate:0.09102,activFunc:hardOne,activFuncDeriv:one)
Perceptron(weights:[ 0.02430,-0.41350],bias:-0.12141,learnRate:0.05460,activFunc:hardOne,activFuncDeriv:one)
iteration;bad
1;1
2;2
3;2
4;2
5;2
6;2
7;2
8;1
9;2
10;0
Perceptron(weights:[ 0.07890, 0.07785],bias:-0.12141,learnRate:0.05460,activFunc:hardOne,activFuncDeriv:one)
Perceptron(weights:[ 0.28503,-0.79099],bias:-0.34854,learnRate:0.20129,activFunc:hardOne,activFuncDeriv:one)
iteration;bad
1;1
2;1
3;1
4;1
5;1
6;1
7;1
8;1
9;0
Perceptron(weights:[ 0.48632, 0.21546],bias:-0.54983,learnRate:0.20129,activFunc:hardOne,activFuncDeriv:one)
Perceptron(weights:[ 0.23672,-0.48817],bias:-0.97082,learnRate:0.12187,activFunc:hardOne,activFuncDeriv:one)
iteration;bad
1;1
2;1
3;1
4;1
5;1
6;0
Perceptron(weights:[ 0.60233, 0.12119],bias:-0.60521,learnRate:0.12187,activFunc:hardOne,activFuncDeriv:one)
Perceptron(weights:[-0.25267,-0.71531],bias:-0.99356,learnRate:0.01395,activFunc:hardOne,activFuncDeriv:one)
iteration;bad
1;1
2;1
3;1
4;1
5;1
6;1
7;1
8;1
9;1
10;1
11;1
12;1
13;1
14;1
15;1
16;1
17;1
18;1
19;1
20;1
21;1
22;1
23;1
24;1
25;1
26;1
27;1
28;1
29;1
30;1
31;1
32;1
33;1
34;1
35;1
36;1
37;1
38;1
39;1
40;1
41;1
42;1
43;1
44;1
45;1
46;1
47;1
48;2
49;2
50;2
51;1
52;1
53;1
54;1
55;0
Perceptron(weights:[ 0.36110, 0.02400],bias:-0.37980,learnRate:0.01395,activFunc:hardOne,activFuncDeriv:one)
Perceptron(weights:[-0.88899, 0.27751],bias:-0.69574,learnRate:0.00183,activFunc:hardOne,activFuncDeriv:one)
iteration;bad
1;1
2;1
3;1
4;1
5;1
6;1
7;1
8;1
9;1
10;1
11;1
12;1
13;1
14;1
15;1
16;1
17;1
18;1
19;1
20;1
21;1
22;1
23;1
24;1
25;1
26;1
27;1
28;1
29;1
30;1
31;1
32;1
33;1
34;1
35;1
36;1
37;1
38;1
39;1
40;1
41;1
42;1
43;1
44;1
45;1
46;1
47;1
48;1
49;1
50;1
51;1
52;1
53;1
54;1
55;1
56;1
57;1
58;1
59;1
60;1
61;1
62;1
63;1
64;1
65;1
66;1
67;1
68;1
69;1
70;1
71;1
72;1
73;1
74;1
75;1
76;1
77;1
78;1
79;1
80;1
81;1
82;1
83;1
84;1
85;1
86;1
87;1
88;1
89;1
90;1
91;1
92;1
93;1
94;1
95;1
96;1
97;1
98;1
99;1
100;1
101;1
102;1
103;1
104;1
105;1
106;1
107;1
108;1
109;1
110;1
111;1
112;1
113;1
114;1
115;2
116;2
117;2
118;2
119;2
120;2
121;2
122;2
123;2
124;2
125;2
126;2
127;2
128;2
129;2
130;2
131;2
132;2
133;2
134;2
135;2
136;2
137;2
138;2
139;2
140;2
141;2
142;2
143;2
144;2
145;2
146;2
147;2
148;2
149;2
150;2
151;2
152;2
153;2
154;2
155;2
156;2
157;2
158;2
159;2
160;2
161;2
162;2
163;2
164;2
165;2
166;2
167;2
168;2
169;2
170;2
171;2
172;2
173;2
174;2
175;2
176;2
177;2
178;2
179;2
180;2
181;2
182;2
183;2
184;2
185;2
186;2
187;2
188;2
189;2
190;2
191;2
192;2
193;2
194;2
195;2
196;2
197;2
198;2
199;2
200;2
201;2
202;2
203;2
204;2
205;2
206;2
207;2
208;2
209;2
210;2
211;2
212;2
213;2
214;2
215;2
216;2
217;2
218;2
219;2
220;2
221;2
222;2
223;2
224;2
225;2
226;2
227;2
228;2
229;2
230;2
231;2
232;2
233;2
234;2
235;2
236;2
237;2
238;2
239;2
240;2
241;2
242;2
243;2
244;2
245;2
246;2
247;2
248;2
249;2
250;2
251;2
252;2
253;2
254;2
255;2
256;2
257;2
258;2
259;2
260;2
261;2
262;2
263;2
264;2
265;2
266;2
267;2
268;2
269;2
270;2
271;2
272;2
273;2
274;2
275;2
276;2
277;2
278;2
279;2
280;2
281;2
282;2
283;2
284;2
285;2
286;2
287;2
288;2
289;2
290;2
291;2
292;2
293;2
294;2
295;2
296;2
297;2
298;2
299;2
300;2
301;2
302;2
303;2
304;2
305;2
306;2
307;2
308;2
309;2
310;2
311;2
312;2
313;2
314;2
315;2
316;2
317;2
318;2
319;2
320;2
321;2
322;2
323;2
324;2
325;2
326;2
327;2
328;2
329;2
330;2
331;2
332;2
333;2
334;2
335;2
336;2
337;2
338;2
339;2
340;2
341;2
342;2
343;2
344;2
345;2
346;2
347;2
348;2
349;2
350;2
351;2
352;2
353;2
354;2
355;2
356;2
357;2
358;2
359;2
360;2
361;2
362;2
363;2
364;2
365;2
366;2
367;2
368;2
369;2
370;2
371;2
372;2
373;2
374;2
375;2
376;2
377;2
378;2
379;2
380;2
381;2
382;2
383;2
384;2
385;2
386;2
387;2
388;2
389;2
390;2
391;2
392;2
393;2
394;2
395;2
396;2
397;2
398;2
399;2
400;2
401;2
402;2
403;2
404;2
405;2
406;2
407;2
408;2
409;2
410;2
411;2
412;2
413;2
414;2
415;2
416;2
417;2
418;2
419;2
420;2
421;2
422;2
423;2
424;2
425;2
426;2
427;2
428;2
429;2
430;2
431;2
432;2
433;2
434;2
435;2
436;2
437;2
438;2
439;2
440;2
441;2
442;2
443;2
444;2
445;2
446;2
447;2
448;2
449;2
450;2
451;2
452;2
453;2
454;2
455;2
456;2
457;2
458;2
459;2
460;2
461;2
462;2
463;2
464;2
465;2
466;2
467;2
468;2
469;2
470;2
471;2
472;2
473;2
474;2
475;2
476;2
477;2
478;2
479;2
480;2
481;2
482;2
483;2
484;2
485;2
486;1
487;1
488;1
489;0
Perceptron(weights:[ 0.00204, 0.48566],bias:-0.48759,learnRate:0.00183,activFunc:hardOne,activFuncDeriv:one)
Perceptron(weights:[ 0.93360,-0.10719],bias:-0.93015,learnRate:0.25669,activFunc:hardOne,activFuncDeriv:one)
iteration;bad
1;1
2;1
3;1
4;1
5;0
Perceptron(weights:[ 0.67691, 0.66287],bias:-1.18683,learnRate:0.25669,activFunc:hardOne,activFuncDeriv:one)
Perceptron(weights:[ 0.22113,-0.24481],bias:-0.03914,learnRate:0.16433,activFunc:hardOne,activFuncDeriv:one)
iteration;bad
1;2
2;1
3;1
4;2
5;1
6;1
7;0
Perceptron(weights:[ 0.22113, 0.41250],bias:-0.53213,learnRate:0.16433,activFunc:hardOne,activFuncDeriv:one)
Perceptron(weights:[-0.46367, 0.12972],bias:-0.35579,learnRate:0.03914,activFunc:hardOne,activFuncDeriv:one)
iteration;bad
1;1
2;1
3;2
4;2
5;2
6;2
7;2
8;2
9;2
10;2
11;2
12;1
13;1
14;1
15;0
Perceptron(weights:[ 0.08436, 0.20801],bias:-0.27750,learnRate:0.03914,activFunc:hardOne,activFuncDeriv:one)
Perceptron(weights:[ 0.25973,-0.22394],bias:-0.61653,learnRate:0.09850,activFunc:hardOne,activFuncDeriv:one)
iteration;bad
1;1
2;1
3;1
4;1
5;0
Perceptron(weights:[ 0.35824, 0.17007],bias:-0.51803,learnRate:0.09850,activFunc:hardOne,activFuncDeriv:one)
Perceptron(weights:[-0.54662, 0.02104],bias:-0.97696,learnRate:0.08543,activFunc:hardOne,activFuncDeriv:one)
iteration;bad
1;1
2;1
3;1
4;1
5;1
6;1
7;1
8;1
9;0
Perceptron(weights:[ 0.13679, 0.44817],bias:-0.54983,learnRate:0.08543,activFunc:hardOne,activFuncDeriv:one)
Perceptron(weights:[-0.91335, 0.97428],bias:-0.90812,learnRate:0.00304,activFunc:hardOne,activFuncDeriv:one)
iteration;bad
1;2
2;2
3;2
4;2
5;2
6;2
7;2
8;2
9;2
10;2
11;2
12;2
13;2
14;2
15;2
16;2
17;2
18;2
19;2
20;2
21;2
22;2
23;2
24;2
25;2
26;2
27;2
28;2
29;2
30;2
31;2
32;2
33;2
34;2
35;2
36;2
37;2
38;2
39;2
40;2
41;2
42;2
43;2
44;2
45;2
46;2
47;2
48;2
49;2
50;2
51;2
52;2
53;2
54;2
55;2
56;2
57;2
58;2
59;2
60;2
61;2
62;2
63;2
64;2
65;2
66;2
67;2
68;2
69;2
70;2
71;2
72;2
73;2
74;2
75;2
76;2
77;2
78;2
79;2
80;2
81;2
82;2
83;2
84;2
85;2
86;2
87;2
88;2
89;2
90;2
91;2
92;2
93;2
94;2
95;2
96;2
97;2
98;2
99;2
100;2
101;2
102;2
103;2
104;2
105;2
106;2
107;2
108;2
109;2
110;2
111;2
112;2
113;2
114;2
115;2
116;2
117;2
118;2
119;2
120;2
121;2
122;2
123;2
124;2
125;2
126;2
127;2
128;2
129;2
130;2
131;2
132;2
133;2
134;2
135;2
136;2
137;2
138;2
139;2
140;2
141;2
142;2
143;2
144;2
145;2
146;2
147;2
148;2
149;2
150;2
151;2
152;2
153;2
154;2
155;2
156;2
157;2
158;2
159;2
160;2
161;2
162;2
163;2
164;2
165;2
166;2
167;2
168;2
169;2
170;2
171;2
172;2
173;2
174;2
175;2
176;2
177;2
178;2
179;2
180;2
181;2
182;2
183;2
184;2
185;2
186;2
187;2
188;2
189;2
190;2
191;2
192;2
193;2
194;2
195;2
196;2
197;2
198;2
199;2
200;2
201;2
202;2
203;2
204;2
205;2
206;2
207;2
208;2
209;2
210;2
211;2
212;2
213;2
214;2
215;2
216;2
217;2
218;2
219;2
220;2
221;2
222;2
223;2
224;2
225;2
226;2
227;2
228;2
229;2
230;2
231;2
232;2
233;2
234;2
235;2
236;2
237;2
238;2
239;2
240;2
241;2
242;2
243;2
244;2
245;2
246;2
247;2
248;2
249;2
250;2
251;2
252;2
253;2
254;2
255;2
256;2
257;2
258;2
259;2
260;2
261;2
262;2
263;2
264;2
265;2
266;2
267;2
268;2
269;2
270;2
271;2
272;2
273;2
274;2
275;2
276;2
277;2
278;2
279;1
280;2
281;2
282;1
283;1
284;1
285;1
286;2
287;2
288;1
289;1
290;1
291;1
292;1
293;2
294;1
295;1
296;1
297;1
298;2
299;2
300;1
301;1
302;1
303;1
304;2
305;2
306;1
307;2
308;2
309;1
310;1
311;1
312;0
Perceptron(weights:[ 0.00173, 0.94084],bias:-0.94156,learnRate:0.00304,activFunc:hardOne,activFuncDeriv:one)
Perceptron(weights:[-0.16218, 0.85214],bias:-0.75147,learnRate:0.05077,activFunc:hardOne,activFuncDeriv:one)
iteration;bad
1;2
2;1
3;1
4;1
5;0
Perceptron(weights:[ 0.04089, 0.80137],bias:-0.80224,learnRate:0.05077,activFunc:hardOne,activFuncDeriv:one)
Perceptron(weights:[ 0.54554,-0.47055],bias:-0.15466,learnRate:0.00737,activFunc:hardOne,activFuncDeriv:one)
iteration;bad
1;2
2;2
3;2
4;2
5;2
6;2
7;2
8;2
9;2
10;2
11;1
12;1
13;1
14;1
15;1
16;2
17;1
18;1
19;2
20;1
21;1
22;1
23;1
24;1
25;1
26;1
27;2
28;2
29;1
30;1
31;2
32;1
33;1
34;1
35;1
36;1
37;2
38;1
39;1
40;2
41;1
42;1
43;1
44;1
45;1
46;2
47;1
48;2
49;2
50;1
51;1
52;2
53;1
54;2
55;2
56;1
57;1
58;2
59;1
60;1
61;1
62;1
63;2
64;2
65;1
66;1
67;1
68;1
69;2
70;2
71;1
72;2
73;2
74;1
75;1
76;2
77;1
78;1
79;2
80;1
81;1
82;2
83;1
84;1
85;1
86;1
87;2
88;2
89;1
90;1
91;1
92;0
Perceptron(weights:[ 0.34667, 0.00821],bias:-0.35354,learnRate:0.00737,activFunc:hardOne,activFuncDeriv:one)
Perceptron(weights:[-0.48985,-0.30078],bias:-0.31341,learnRate:0.00052,activFunc:hardOne,activFuncDeriv:one)
iteration;bad
1;1
2;1
3;1
4;1
5;1
6;1
7;1
8;1
9;1
10;1
11;1
12;1
13;1
14;1
15;1
16;1
17;1
18;1
19;1
20;1
21;1
22;1
23;1
24;1
25;1
26;1
27;1
28;1
29;1
30;1
31;1
32;1
33;1
34;1
35;1
36;1
37;1
38;1
39;1
40;1
41;1
42;1
43;1
44;1
45;1
46;1
47;1
48;1
49;1
50;1
51;1
52;1
53;1
54;1
55;1
56;1
57;1
58;1
59;1
60;1
61;1
62;1
63;1
64;1
65;1
66;1
67;1
68;1
69;1
70;1
71;1
72;1
73;1
74;1
75;1
76;1
77;1
78;1
79;1
80;1
81;1
82;1
83;1
84;1
85;1
86;1
87;1
88;1
89;1
90;1
91;1
92;1
93;1
94;1
95;1
96;1
97;1
98;1
99;1
100;1
101;1
102;1
103;1
104;1
105;1
106;1
107;1
108;1
109;1
110;1
111;1
112;1
113;1
114;1
115;1
116;1
117;1
118;1
119;1
120;1
121;1
122;1
123;1
124;1
125;1
126;1
127;1
128;1
129;1
130;1
131;1
132;1
133;1
134;1
135;1
136;1
137;1
138;1
139;1
140;1
141;1
142;1
143;1
144;1
145;1
146;1
147;1
148;1
149;1
150;1
151;1
152;1
153;1
154;1
155;1
156;1
157;1
158;1
159;1
160;1
161;1
162;1
163;1
164;1
165;1
166;1
167;1
168;1
169;1
170;1
171;1
172;1
173;1
174;1
175;1
176;1
177;1
178;1
179;1
180;1
181;1
182;1
183;1
184;1
185;1
186;1
187;1
188;1
189;1
190;1
191;1
192;1
193;1
194;1
195;1
196;1
197;1
198;1
199;1
200;1
201;1
202;1
203;1
204;1
205;1
206;1
207;1
208;1
209;1
210;1
211;1
212;1
213;1
214;1
215;1
216;1
217;1
218;1
219;1
220;1
221;1
222;1
223;1
224;1
225;1
226;1
227;1
228;1
229;1
230;1
231;1
232;1
233;1
234;1
235;1
236;1
237;1
238;1
239;1
240;1
241;1
242;1
243;1
244;1
245;1
246;1
247;1
248;1
249;1
250;1
251;1
252;1
253;1
254;1
255;1
256;1
257;1
258;1
259;1
260;1
261;1
262;1
263;1
264;1
265;1
266;1
267;1
268;1
269;1
270;1
271;1
272;1
273;1
274;1
275;1
276;1
277;1
278;1
279;1
280;1
281;1
282;1
283;1
284;1
285;1
286;1
287;1
288;1
289;1
290;1
291;1
292;1
293;1
294;1
295;1
296;1
297;1
298;1
299;1
300;1
301;1
302;1
303;1
304;1
305;1
306;1
307;1
308;1
309;1
310;1
311;1
312;1
313;1
314;1
315;1
316;1
317;1
318;1
319;1
320;1
321;1
322;1
323;1
324;1
325;1
326;1
327;1
328;1
329;1
330;1
331;1
332;1
333;1
334;1
335;1
336;1
337;1
338;1
339;1
340;1
341;1
342;1
343;1
344;1
345;1
346;1
347;1
348;1
349;1
350;1
351;1
352;1
353;1
354;1
355;1
356;1
357;1
358;1
359;1
360;1
361;1
362;1
363;1
364;1
365;1
366;1
367;1
368;1
369;1
370;1
371;1
372;1
373;1
374;1
375;1
376;1
377;1
378;1
379;1
380;1
381;1
382;1
383;1
384;1
385;1
386;1
387;1
388;1
389;1
390;1
391;1
392;1
393;1
394;1
395;1
396;1
397;1
398;1
399;1
400;1
401;1
402;1
403;1
404;1
405;1
406;1
407;1
408;1
409;1
410;1
411;1
412;1
413;1
414;1
415;1
416;1
417;1
418;1
419;1
420;1
421;1
422;1
423;1
424;1
425;1
426;1
427;1
428;1
429;1
430;1
431;1
432;1
433;1
434;1
435;1
436;1
437;1
438;1
439;1
440;1
441;1
442;1
443;1
444;1
445;1
446;1
447;1
448;1
449;1
450;1
451;1
452;1
453;1
454;1
455;1
456;1
457;1
458;1
459;1
460;1
461;1
462;1
463;1
464;1
465;1
466;1
467;1
468;1
469;1
470;1
471;1
472;1
473;1
474;1
475;1
476;1
477;1
478;1
479;1
480;1
481;1
482;1
483;1
484;1
485;1
486;1
487;1
488;1
489;1
490;1
491;1
492;1
493;1
494;1
495;1
496;1
497;1
498;1
499;1
500;1
501;1
502;1
503;1
504;1
505;1
506;1
507;1
508;1
509;1
510;1
511;1
512;1
513;1
514;1
515;1
516;1
517;1
518;1
519;1
520;1
521;1
522;1
523;1
524;1
525;1
526;1
527;1
528;1
529;1
530;1
531;1
532;1
533;1
534;1
535;1
536;1
537;1
538;1
539;1
540;1
541;1
542;1
543;1
544;1
545;1
546;1
547;1
548;1
549;1
550;1
551;1
552;1
553;1
554;1
555;1
556;1
557;1
558;1
559;1
560;1
561;1
562;1
563;1
564;1
565;1
566;1
567;1
568;1
569;1
570;1
571;1
572;1
573;1
574;1
575;1
576;1
577;1
578;1
579;1
580;1
581;1
582;1
583;1
584;1
585;1
586;1
587;1
588;1
589;1
590;1
591;1
592;1
593;1
594;2
595;2
596;2
597;2
598;2
599;2
600;2
601;2
602;2
603;2
604;2
605;2
606;2
607;2
608;2
609;2
610;2
611;2
612;2
613;2
614;2
615;2
616;2
617;2
618;2
619;2
620;2
621;2
622;2
623;2
624;2
625;2
626;2
627;2
628;2
629;2
630;2
631;2
632;2
633;2
634;2
635;2
636;2
637;2
638;2
639;2
640;2
641;2
642;2
643;2
644;2
645;2
646;2
647;2
648;2
649;2
650;2
651;2
652;2
653;2
654;2
655;2
656;2
657;2
658;2
659;2
660;2
661;2
662;2
663;2
664;2
665;2
666;2
667;2
668;2
669;2
670;2
671;2
672;2
673;2
674;2
675;2
676;2
677;2
678;2
679;2
680;2
681;2
682;2
683;2
684;2
685;2
686;2
687;2
688;2
689;2
690;2
691;2
692;2
693;2
694;2
695;2
696;2
697;2
698;2
699;2
700;2
701;2
702;2
703;2
704;2
705;2
706;2
707;2
708;2
709;2
710;2
711;2
712;2
713;2
714;2
715;2
716;2
717;2
718;2
719;2
720;2
721;2
722;2
723;2
724;2
725;2
726;2
727;2
728;2
729;2
730;2
731;2
732;2
733;2
734;2
735;2
736;2
737;2
738;2
739;2
740;2
741;2
742;2
743;2
744;2
745;2
746;2
747;2
748;2
749;2
750;2
751;2
752;2
753;2
754;2
755;2
756;2
757;2
758;2
759;2
760;2
761;2
762;2
763;2
764;2
765;2
766;2
767;2
768;2
769;2
770;2
771;2
772;2
773;2
774;2
775;2
776;2
777;2
778;2
779;2
780;2
781;2
782;2
783;2
784;2
785;2
786;2
787;2
788;2
789;2
790;2
791;2
792;2
793;2
794;2
795;2
796;2
797;2
798;2
799;2
800;2
801;2
802;2
803;2
804;2
805;2
806;2
807;2
808;2
809;2
810;2
811;2
812;2
813;2
814;2
815;2
816;2
817;2
818;2
819;2
820;2
821;2
822;2
823;2
824;2
825;2
826;2
827;2
828;2
829;2
830;2
831;2
832;2
833;2
834;2
835;2
836;2
837;2
838;2
839;2
840;2
841;2
842;2
843;2
844;2
845;2
846;2
847;2
848;2
849;2
850;2
851;2
852;2
853;2
854;2
855;2
856;2
857;2
858;2
859;2
860;2
861;2
862;2
863;2
864;2
865;2
866;2
867;2
868;2
869;2
870;2
871;2
872;2
873;2
874;2
875;2
876;2
877;2
878;2
879;2
880;2
881;2
882;2
883;2
884;2
885;2
886;2
887;2
888;2
889;2
890;2
891;2
892;2
893;2
894;2
895;2
896;2
897;2
898;2
899;2
900;2
901;2
902;2
903;2
904;2
905;2
906;2
907;2
908;2
909;2
910;2
911;2
912;2
913;2
914;2
915;2
916;2
917;2
918;2
919;2
920;2
921;2
922;2
923;2
924;2
925;2
926;2
927;2
928;2
929;2
930;2
931;2
932;2
933;2
934;2
935;2
936;2
937;2
938;2
939;2
940;2
941;2
942;2
943;2
944;2
945;1
946;1
947;1
948;1
949;0
Perceptron(weights:[ 0.00034, 0.00617],bias:-0.00646,learnRate:0.00052,activFunc:hardOne,activFuncDeriv:one)
Perceptron(weights:[ 0.33334, 0.73042],bias:-0.38708,learnRate:0.00163,activFunc:hardOne,activFuncDeriv:one)
iteration;bad
1;1
2;1
3;1
4;1
5;1
6;1
7;1
8;1
9;1
10;1
11;1
12;1
13;1
14;1
15;1
16;1
17;1
18;1
19;1
20;1
21;1
22;1
23;1
24;1
25;1
26;1
27;1
28;1
29;1
30;1
31;1
32;1
33;1
34;1
35;1
36;1
37;1
38;1
39;1
40;1
41;1
42;1
43;1
44;1
45;1
46;1
47;1
48;1
49;1
50;1
51;1
52;1
53;1
54;1
55;1
56;1
57;1
58;1
59;1
60;1
61;1
62;1
63;1
64;1
65;1
66;1
67;1
68;1
69;1
70;1
71;1
72;1
73;1
74;1
75;1
76;1
77;1
78;1
79;1
80;1
81;1
82;1
83;1
84;1
85;1
86;1
87;1
88;1
89;1
90;1
91;1
92;1
93;1
94;1
95;1
96;1
97;1
98;1
99;1
100;1
101;1
102;1
103;1
104;1
105;1
106;0
Perceptron(weights:[ 0.33334, 0.55794],bias:-0.55957,learnRate:0.00163,activFunc:hardOne,activFuncDeriv:one)
Perceptron(weights:[-0.31793, 0.46113],bias:-0.11732,learnRate:0.00061,activFunc:hardOne,activFuncDeriv:one)
iteration;bad
1;1
2;1
3;1
4;1
5;1
6;1
7;1
8;1
9;1
10;1
11;1
12;1
13;1
14;1
15;1
16;1
17;1
18;1
19;1
20;1
21;1
22;1
23;2
24;1
25;2
26;2
27;1
28;2
29;2
30;1
31;1
32;2
33;1
34;1
35;2
36;1
37;2
38;2
39;1
40;2
41;2
42;1
43;2
44;2
45;1
46;1
47;1
48;1
49;2
50;2
51;1
52;2
53;2
54;1
55;2
56;2
57;1
58;1
59;2
60;1
61;2
62;2
63;1
64;2
65;2
66;1
67;2
68;2
69;1
70;2
71;2
72;1
73;2
74;2
75;1
76;2
77;2
78;1
79;1
80;1
81;1
82;2
83;2
84;1
85;2
86;2
87;1
88;2
89;2
90;1
91;1
92;1
93;1
94;1
95;2
96;1
97;1
98;1
99;1
100;2
101;2
102;1
103;1
104;1
105;1
106;1
107;2
108;1
109;1
110;2
111;1
112;1
113;2
114;1
115;1
116;1
117;1
118;2
119;2
120;1
121;2
122;2
123;1
124;1
125;1
126;1
127;1
128;2
129;1
130;1
131;2
132;1
133;1
134;2
135;1
136;1
137;2
138;1
139;2
140;2
141;1
142;1
143;1
144;1
145;2
146;2
147;1
148;1
149;1
150;1
151;1
152;2
153;1
154;1
155;1
156;1
157;2
158;2
159;1
160;2
161;2
162;1
163;1
164;1
165;1
166;1
167;1
168;1
169;2
170;2
171;1
172;1
173;2
174;1
175;2
176;2
177;1
178;2
179;2
180;1
181;1
182;2
183;1
184;1
185;1
186;1
187;2
188;2
189;1
190;1
191;1
192;1
193;1
194;2
195;1
196;1
197;2
198;1
199;1
200;1
201;1
202;1
203;2
204;1
205;1
206;1
207;1
208;2
209;2
210;1
211;1
212;1
213;1
214;2
215;2
216;1
217;2
218;2
219;1
220;2
221;2
222;1
223;1
224;1
225;1
226;2
227;2
228;1
229;2
230;2
231;1
232;1
233;2
234;1
235;2
236;2
237;1
238;2
239;2
240;1
241;2
242;2
243;1
244;2
245;2
246;1
247;1
248;1
249;1
250;2
251;2
252;1
253;2
254;2
255;1
256;2
257;2
258;1
259;2
260;2
261;1
262;1
263;1
264;1
265;1
266;1
267;1
268;2
269;2
270;1
271;2
272;2
273;1
274;2
275;2
276;1
277;2
278;2
279;1
280;2
281;2
282;1
283;1
284;1
285;1
286;1
287;1
288;1
289;1
290;2
291;1
292;1
293;1
294;1
295;2
296;2
297;1
298;1
299;2
300;1
301;2
302;2
303;1
304;2
305;2
306;1
307;2
308;2
309;1
310;2
311;2
312;1
313;1
314;2
315;1
316;1
317;1
318;1
319;1
320;2
321;1
322;2
323;2
324;1
325;1
326;2
327;1
328;2
329;2
330;1
331;1
332;2
333;1
334;2
335;2
336;1
337;2
338;2
339;1
340;2
341;2
342;1
343;2
344;2
345;1
346;2
347;2
348;1
349;2
350;2
351;1
352;1
353;1
354;1
355;2
356;2
357;1
358;1
359;1
360;1
361;1
362;2
363;1
364;1
365;2
366;1
367;1
368;2
369;1
370;1
371;1
372;1
373;2
374;2
375;1
376;2
377;2
378;1
379;2
380;2
381;1
382;1
383;1
384;1
385;2
386;2
387;1
388;2
389;2
390;1
391;1
392;2
393;1
394;1
395;2
396;1
397;1
398;1
399;1
400;1
401;2
402;1
403;2
404;2
405;1
406;1
407;1
408;1
409;2
410;2
411;1
412;2
413;2
414;1
415;1
416;1
417;1
418;2
419;2
420;1
421;1
422;2
423;1
424;2
425;2
426;1
427;1
428;1
429;1
430;1
431;2
432;1
433;2
434;2
435;1
436;2
437;2
438;1
439;2
440;2
441;1
442;1
443;2
444;1
445;1
446;2
447;1
448;2
449;2
450;1
451;1
452;1
453;1
454;1
455;1
456;1
457;1
458;2
459;1
460;2
461;2
462;1
463;1
464;1
465;1
466;2
467;2
468;1
469;1
470;1
471;1
472;2
473;2
474;1
475;2
476;2
477;1
478;1
479;2
480;1
481;1
482;1
483;1
484;1
485;1
486;1
487;1
488;2
489;1
490;2
491;2
492;1
493;2
494;2
495;1
496;2
497;2
498;1
499;1
500;1
501;1
502;1
503;1
504;1
505;1
506;1
507;1
508;1
509;1
510;1
511;1
512;1
513;1
514;1
515;1
516;1
517;2
518;2
519;1
520;1
521;2
522;1
523;2
524;2
525;1
526;2
527;2
528;1
529;1
530;2
531;1
532;2
533;2
534;1
535;2
536;2
537;1
538;2
539;2
540;1
541;1
542;2
543;1
544;2
545;2
546;1
547;2
548;2
549;1
550;2
551;2
552;1
553;2
554;2
555;1
556;2
557;2
558;1
559;1
560;1
561;1
562;1
563;1
564;1
565;1
566;2
567;1
568;1
569;2
570;1
571;1
572;2
573;1
574;1
575;2
576;1
577;1
578;2
579;1
580;1
581;1
582;1
583;2
584;2
585;1
586;1
587;2
588;1
589;1
590;2
591;1
592;1
593;2
594;1
595;1
596;1
597;1
598;1
599;2
600;1
601;1
602;1
603;1
604;2
605;2
606;1
607;1
608;1
609;1
610;1
611;1
612;1
613;1
614;1
615;1
616;2
617;2
618;1
619;1
620;2
621;1
622;2
623;2
624;1
625;1
626;1
627;1
628;1
629;1
630;1
631;2
632;2
633;1
634;1
635;1
636;1
637;2
638;2
639;1
640;1
641;1
642;1
643;1
644;1
645;1
646;2
647;2
648;1
649;1
650;2
651;1
652;1
653;2
654;1
655;1
656;2
657;1
658;1
659;2
660;1
661;1
662;2
663;1
664;2
665;2
666;1
667;2
668;2
669;1
670;1
671;1
672;1
673;1
674;2
675;1
676;2
677;2
678;1
679;1
680;1
681;1
682;2
683;2
684;1
685;1
686;1
687;1
688;1
689;1
690;1
691;1
692;2
693;1
694;2
695;2
696;1
697;2
698;2
699;1
700;1
701;1
702;1
703;2
704;2
705;1
706;1
707;2
708;1
709;1
710;1
711;1
712;2
713;2
714;1
715;1
716;2
717;1
718;1
719;2
720;1
721;2
722;2
723;1
724;2
725;2
726;1
727;1
728;2
729;1
730;1
731;1
732;1
733;1
734;1
735;1
736;1
737;2
738;1
739;1
740;1
741;1
742;2
743;2
744;1
745;2
746;2
747;1
748;1
749;1
750;1
751;2
752;2
753;1
754;1
755;1
756;1
757;2
758;2
759;1
760;2
761;2
762;1
763;1
764;2
765;1
766;2
767;2
768;1
769;2
770;2
771;1
772;2
773;2
774;1
775;1
776;1
777;1
778;2
779;2
780;1
781;1
782;1
783;1
784;2
785;2
786;1
787;2
788;2
789;1
790;1
791;1
792;1
793;2
794;2
795;1
796;2
797;2
798;1
799;2
800;2
801;1
802;1
803;1
804;0
Perceptron(weights:[ 0.00096, 0.28885],bias:-0.28959,learnRate:0.00061,activFunc:hardOne,activFuncDeriv:one)
Perceptron(weights:[ 0.51337,-0.95280],bias:-0.54747,learnRate:0.50754,activFunc:hardOne,activFuncDeriv:one)
iteration;bad
1;1
2;1
3;1
4;2
5;0
Perceptron(weights:[ 0.51337, 0.56981],bias:-1.05500,learnRate:0.50754,activFunc:hardOne,activFuncDeriv:one)
Perceptron(weights:[ 0.77973,-0.58178],bias:-0.06766,learnRate:0.24269,activFunc:hardOne,activFuncDeriv:one)
iteration;bad
1;2
2;2
3;1
4;1
5;1
6;2
7;0
Perceptron(weights:[ 0.53704, 0.14630],bias:-0.55305,learnRate:0.24269,activFunc:hardOne,activFuncDeriv:one)
Perceptron(weights:[ 0.09907,-0.17233],bias:-0.58792,learnRate:0.01150,activFunc:hardOne,activFuncDeriv:one)
iteration;bad
1;1
2;1
3;1
4;1
5;1
6;1
7;1
8;1
9;1
10;1
11;1
12;1
13;1
14;1
15;1
16;1
17;1
18;1
19;1
20;0
Perceptron(weights:[ 0.32904, 0.05763],bias:-0.35795,learnRate:0.01150,activFunc:hardOne,activFuncDeriv:one)
Perceptron(weights:[ 0.50956, 0.04748],bias:-0.41368,learnRate:0.01172,activFunc:hardOne,activFuncDeriv:one)
iteration;bad
1;1
2;1
3;1
4;1
5;0
Perceptron(weights:[ 0.45099, 0.04748],bias:-0.47226,learnRate:0.01172,activFunc:hardOne,activFuncDeriv:one)
Perceptron(weights:[ 0.19653, 0.97139],bias:-0.26434,learnRate:0.06452,activFunc:hardOne,activFuncDeriv:one)
iteration;bad
1;1
2;1
3;1
4;1
5;1
6;0
Perceptron(weights:[ 0.19653, 0.58426],bias:-0.65146,learnRate:0.06452,activFunc:hardOne,activFuncDeriv:one)
Perceptron(weights:[ 0.66069,-0.70430],bias:-0.56121,learnRate:0.13027,activFunc:hardOne,activFuncDeriv:one)
iteration;bad
1;2
2;2
3;2
4;2
5;1
6;1
7;1
8;0
Perceptron(weights:[ 0.53042, 0.20757],bias:-0.69148,learnRate:0.13027,activFunc:hardOne,activFuncDeriv:one)
[0.096556631368134749, 0.051621644693408242];[ 0.17970965  0.13477467];0.00031859395597443513;261
[0.88990737371203177, -0.31525801865259995];[  8.88221705e-01   2.99081083e-04];0.00033713365356389364;942
[-0.48984757023603653, -0.3007826780710946];[ 0.00033923  0.00616639];0.0005176206950147529;949
[-0.31793486222387723, 0.46112857085305381];[ 0.00095753  0.28885337];0.0006109049573952894;804
[-0.2820956425701846, -0.15548339587176541];[ 0.00071613  0.0011309 ];0.0006471665277791592;439
[-0.56503006094886965, -0.40476961012347512];[ 0.03743471  0.19769516];0.0006649721509623061;906
[0.33333782066633544, 0.73042476733831685];[ 0.33333782  0.55793912];0.0016272230596497863;106
[-0.88829611394428465, -0.093110996688275272];[ 0.00087888  0.10988933];0.0016776886754973803;531
[0.81265824395096931, -0.70574674766019629];[ 0.46680842  0.00143872];0.0017206459054823753;613
[-0.8889902906906767, 0.27750537164671607];[ 0.00204388  0.4856568 ];0.0018258896970575892;489
[0.42374171562363994, 0.12549604124328484];[ 0.48202114  0.18377547];0.0021584973056458694;27
[-0.91334560725095804, 0.97427944024750279];[ 0.00173099  0.9408381 ];0.0030401215782504187;312
[0.5455395063685341, -0.47055251158566858];[ 0.34666854  0.00821094];0.007365591508682146;92
[0.64208905303363861, 0.59564934878138853];[ 0.42508192  0.40109123];0.007483004421020366;29
[-0.65444978220281957, -0.44033966215989573];[ 0.00508497  0.01745505];0.007759232429740234;88
[-0.49055908536794424, 0.068647695861733027];[ 0.01816344  0.37953368];0.009420787501634616;56
[0.44153448140406781, -0.56337720273194136];[ 0.48141227  0.0148507 ];0.009969446531791116;60
[0.099070316179568518, -0.17233254987922075];[ 0.3290378   0.05763493];0.011498374119191954;20
[0.50956398081151155, 0.047480858237293089];[ 0.45098854  0.04748086];0.011715087209735476;5
[-0.25266693229765602, -0.71530579430667496];[ 0.36109506  0.02399842];0.013949136163016252;55
[-0.47229579548276346, -0.17823481556187304];[ 0.08170246  0.37576344];0.015388840460389422;36
[-0.31409067173855498, -0.43270789245063457];[ 0.09270697  0.02102794];0.015646063244393184;30
[0.8599314035277269, 0.43951311612080757];[ 0.61777263  0.40722528];0.016143917947248225;15
[-0.93587858724723738, -0.37193552643864924];[ 0.00674712  0.08312516];0.016252167364872006;59
[0.19679240659170905, -0.98213553252587527];[ 0.21377239  0.03666318];0.016979978604161;62
[-0.056325088889228048, -0.86133722078956709];[ 0.1007381   0.01123604];0.017451465220694837;52
[0.06891725113792202, 0.51071996242369311];[ 0.1049564   0.54675911];0.018019573451901156;2
[0.82902322942078077, 0.84239968606821247];[ 0.59292446  0.58813948];0.018161443529220948;14
[-0.69364396691081953, 0.060673986088260357];[ 0.02191273  0.26780882];0.018830439428111707;39
[-0.79539142206931546, -0.66399632612457049];[ 0.02049878  0.01259555];0.01989976102665119;42
[0.55848679546659952, 0.07367191711018839];[ 0.61987637  0.13506149];0.020463192418202648;3
[0.24094507382181485, -0.53085189236133723];[ 0.52207605  0.05483765];0.023427581559974583;28
[0.78860081369614266, 0.86855101465158768];[ 0.76268629  0.81672197];0.02591451985618965;2
[-0.4294038984115589, -0.89041524071708611];[ 0.02746546  0.05019814];0.026874668076550676;39
[0.43749032342037009, -0.14019916348992334];[ 0.47107866  0.06133083];0.03358833236805238;8
[-0.91275393825056406, 0.62094595269530573];[ 0.09248283  0.36963676];0.03590131297605701;35
[0.78489377196336096, 0.46496668064153213];[ 0.67411764  0.46496668];0.03692537787562995;3
[-0.4636731517828484, 0.12971984078983201];[ 0.08435616  0.20800974];0.039144950928810415;15
[0.62886946420527889, 0.33446262697634621];[ 0.62886946  0.33446263];0.039511791530064316;1
[0.92326869026564196, -0.089560377070919239];[ 0.75254967  0.03847889];0.04267975439689898;8
[0.15808108318377245, -0.53521939784447203];[ 0.20178733  0.07666802];0.04370624381489952;15
[-0.16217753282101155, 0.85213924455497514];[ 0.04089336  0.80137152];0.050767724327723356;5
[0.024300104404675782, -0.41350309928352391];[ 0.07889526  0.07785331];0.054595156327407496;10
[0.75756387008224046, -0.97121443874746782];[ 0.81527176  0.06752763];0.057707892662066954;19
[-0.81739207208234366, 0.50521933154412335];[ 0.11714568  0.44291681];0.06230251701418844;16
[-0.10098772162708392, 0.71020387344082336];[ 0.08936423  0.45640128];0.06345064949751147;7
[-0.38300926161809479, -0.7506305508635277];[ 0.19716314  0.15185985];0.06446359983337932;16
[0.10377766562144486, -0.32523323384908287];[ 0.10377767  0.12606433];0.0644710807640615;10
[0.19652957527323922, 0.97138725265487791];[ 0.19652958  0.58426473];0.0645204210969491;6
[-0.86151816171743312, -0.35683265921441265];[ 0.1511811   0.11576033];0.06751328407517906;20
[-0.89959270083372067, -0.19554709807995929];[ 0.16046148  0.22847457];0.07067027851974657;17
[0.17585583851131115, 0.76726033771038249];[ 0.17585584  0.625508  ];0.07087616927672122;2
[0.17037443589652612, -0.28416686567795824];[ 0.24287348  0.07832835];0.07249904266973235;7
[0.92744514254068411, 0.6327713665509821];[ 0.70359393  0.5581543 ];0.07461707128919891;3
[0.69719908031424072, -0.66339570671216441];[ 0.77829452  0.14755867];0.08109543799544511;12
[0.58280108807026654, 0.74224748848305255];[ 0.50138716  0.57941964];0.08141392622915827;2
[0.24118134008277092, 0.40690269998043294];[ 0.24118134  0.32439283];0.08250986969899182;1
[-0.54662221919277343, 0.02104245748912803];[ 0.13678686  0.44817313];0.0854261348747874;9
[-0.087536477230636511, -0.145493757910517];[ 0.09136205  0.12285404];0.08944926518720987;4
[-0.61799024142977221, 0.91129692059940337];[ 0.20117125  0.63824309];0.09101794360053916;13
[-0.46831327452034976, -0.41768431105936432];[ 0.11218916  0.25956853];0.09675040587073143;12
[0.25973491116487091, -0.22393781271886559];[ 0.35823665  0.17006912];0.09850173397399786;5
[0.75005490870589853, -0.31722475030952024];[ 0.65090044  0.17854759];0.09915446833393299;6
[-0.4828556664011342, 0.96453195790672674];[ 0.24818168  0.86009805];0.10443390604564359;9
[-0.88280424250487743, 0.44770921721886003];[ 0.09859583  0.66579812];0.10904445208676007;10
[-0.76262606340289907, 0.30371378280856109];[ 0.20681102  0.42489342];0.12117963577798464;9
[0.23671790064745801, -0.48817277273476556];[ 0.60233359  0.12118671];0.12187189625728233;6
[0.66068989699995473, -0.70429773346984581];[ 0.53042334  0.20756813];0.13026655204475973;8
[0.90330789823653401, 0.92288954872412421];[ 0.9033079   0.78525881];0.13763073490328676;1
[-0.087974164099592911, 0.93440150094483954];[ 0.20874256  0.78604314];0.14835836381171574;4
[0.22112525362684832, -0.2448112940311955];[ 0.22112525  0.41249965];0.16432773497049719;7
[-0.10352247776876777, -0.047685246159234973];[ 0.22712284  0.44828273];0.1653226600584341;8
[-0.32084223900565945, -0.23024312208879127];[ 0.18891862  0.27951774];0.1699202860877666;3
[0.02562204429450976, -0.87086051636432549];[ 0.21509701  0.26598926];0.18947496270644792;8
[0.7402339261791856, 0.77846084152639894];[ 0.74023393  0.58006167];0.19839916733461427;1
[0.58099121178866164, -0.49382474808813759];[ 0.37993921  0.31038326];0.2010520027962657;6
[0.28503090653327645, -0.79099447203427942];[ 0.48632162  0.21545911];0.20129071601678608;9
[0.90144965925906573, 0.33593295479480456];[ 0.48991284  0.54170136];0.205768407479626;3
[-0.7280474342622405, 0.7444544766484088];[ 0.34988968  0.74445448];0.2155874232253949;6
[-0.66224408809677004, 0.55916084325309923];[ 0.23514132  0.55916084];0.22434635323303895;6
[0.57185274848028189, -0.81881625968099114];[ 0.3453459   0.31371796];0.2265068438497621;6
[0.77972859762404978, -0.58178200079192988];[ 0.53703618  0.14629524];0.24269241400109273;7
[0.93359769268979953, -0.10719446855863568];[ 0.67690939  0.66287043];0.25668829813029503;5
[0.25664171002513314, -0.93324951278665413];[ 0.25664171  0.09892227];0.25804294593903004;4
[0.99498927806979021, 0.36077448082042873];[ 0.72012332  0.08590852];0.27486595778187434;1
[-0.74080048428748346, -0.55067439293486697];[ 0.39969721  0.30469888];0.28512442346757194;7
[0.62042833153184895, 0.1740651139846463];[ 0.62042833  0.17406511];0.2918797750573706;1
[-0.2385200851932181, -0.53479137279316735];[ 0.37480112  0.38519044];0.3066606032940696;5
[-0.67776289980757032, 0.3444365833569718];[ 0.77146451  0.34443658];0.3623068530706369;6
[-0.57252103296723156, -0.64597172299950312];[ 0.54685431  0.47340362];0.3731251154811442;7
[0.13561847138046956, -0.47397306687617258];[ 0.56713564  1.25209561];0.4315171689233467;8
[0.05246358227089698, -0.72178964179319349];[ 1.00924408  0.7133811 ];0.4783902467261528;7
[-0.050658252365984313, 0.24536515217312116];[ 0.43139831  0.72742171];0.48205656026150595;3
[0.85044468419466035, 0.09981015818696648];[ 0.85044468  1.09560383];0.4978968352665762;5
[0.68632733717274141, 0.066791657423925455];[ 0.18468059  1.07008515];0.5016467465930555;5
[0.15808963847814816, 0.82013579682243776];[ 1.16257611  0.8201358 ];0.5022432347161939;7
[0.75271791948842948, -0.20347136556503786];[ 0.75271792  0.3000894 ];0.5035607606102653;2
[0.51337382629477157, -0.95279776368192581];[ 0.51337383  0.56980844];0.5075354028716988;5
[-0.65721648241139929, -0.33531236515411234];[ 1.39255931  0.34794623];0.6832585959270169;7
[-0.80689793060318471, 0.38803630614894069];[ 0.57784926  1.7727835 ];0.692373596115659;8
