5 1.0 0.5 0.18403171344231165 75.0
5 2.0 0.5 0.18403171344231165 50.0
5 3.0 0.5 0.18403171344231165 40.0
5 1.0 0.1 0.03680634268846233 75.0
5 2.0 0.1 0.03680634268846233 50.0
5 3.0 0.1 0.03680634268846233 50.0
5 1.0 0.01 0.003680634268846233 60.0
5 2.0 0.01 0.003680634268846233 55.0
5 3.0 0.01 0.003680634268846233 40.0
10 1.0 0.5 0.18403171344231165 15.0
10 2.0 0.5 0.18403171344231165 35.0
10 3.0 0.5 0.18403171344231165 45.0
10 1.0 0.1 0.03680634268846233 45.0
10 2.0 0.1 0.03680634268846233 35.0
10 3.0 0.1 0.03680634268846233 40.0
10 1.0 0.01 0.003680634268846233 65.0
10 2.0 0.01 0.003680634268846233 45.0
10 3.0 0.01 0.003680634268846233 15.0
15 1.0 0.5 0.18403171344231165 15.0
15 2.0 0.5 0.18403171344231165 15.0
15 3.0 0.5 0.18403171344231165 25.0
15 1.0 0.1 0.03680634268846233 10.0
15 2.0 0.1 0.03680634268846233 10.0
15 3.0 0.1 0.03680634268846233 35.0
15 1.0 0.01 0.003680634268846233 55.0
15 2.0 0.01 0.003680634268846233 40.0
15 3.0 0.01 0.003680634268846233 45.0
